0 1456 OttawaDA DAUID
35060467 35060464        0.747350073
35060467 35060471        0.747472653
35060467 35060465        0.748962703
35060467 35061301        0.748141594
35060467 35061280        0.748153389
35060467 35060466        0.748993789
35060467 35060468         0.74927887
35060467 35061300         0.74830607
35060467 35060513          0.7488995
35060467 35060469        0.748793043
35060467 35060491        0.748192639
35060467 35060467                  1
35060467 35060488        0.749112532
35060468 35060456        0.747813567
35060468 35060457        0.748706938
35060468 35060450         0.74857202
35060468 35060466        0.749441919
35060468 35061280        0.748783441
35060468 35060452        0.748675557
35060468 35060468                  1
35060468 35061300        0.749721546
35060468 35061301        0.749725206
35060468 35060467         0.74927887
35060468 35060471         0.74915645
35060468 35060469        0.749919064
35060468 35060465         0.74890008
35060469 35060451         0.74815316
35060469 35060467        0.748793043
35060469 35060465        0.748306691
35060469 35060466        0.749057815
35060469 35061280        0.749019009
35060469 35060457        0.748715026
35060469 35060468        0.749919064
35060469 35061300        0.749939132
35060469 35061301        0.749926773
35060469 35060450        0.749149839
35060469 35060471        0.749570163
35060469 35060469                  1
35060469 35060452        0.749074583
35060471 35060451        0.748315584
35060471 35060474        0.748818048
35060471 35060447        0.748672337
35060471 35060448        0.749339356
35060471 35060468         0.74915645
35060471 35060452        0.748834788
35060471 35060471                  1
35060471 35060450        0.749566166
35060471 35060469        0.749570163
35060471 35061300        0.749823684
35060471 35061280        0.749471423
35060471 35061301        0.749645281
35060471 35060449        0.749033656
35060500 35060496        0.748057431
35060500 35060506        0.748161464
35060500 35060497        0.748092713
35060500 35060507        0.748558955
35060500 35060503        0.749281953
35060500 35060499        0.748365391
35060500 35060505        0.749470331
35060500 35060501        0.749801535
35060500 35060502        0.749725944
35060500 35060500                  1
35060500 35060504         0.74931219
35060500 35060498        0.748729289
35060500 35060491        0.748366816
35060501 35060506        0.748333645
35060501 35060507        0.748340018
35060501 35060492        0.748452102
35060501 35060496        0.748747172
35060501 35060503        0.749626157
35060501 35060497        0.748511491
35060501 35060500        0.749801535
35060501 35060505        0.749918534
35060501 35060504        0.749639426
35060501 35060502        0.749660019
35060501 35060501                  1
35060501 35060491        0.749280494
35060501 35060498        0.748655486
35060474 35060479        0.747323902
35060474 35060469        0.747638751
35060474 35061301        0.747388524
35060474 35060476        0.748942395
35060474 35061300        0.748058806
35060474 35060445        0.748078633
35060474 35061280        0.749653504
35060474 35060474                  1
35060474 35060475        0.749649452
35060474 35060447          0.7490955
35060474 35060471        0.748818048
35060474 35060446        0.748901689
35060474 35060448        0.748606997
35060475 35060445        0.747536591
35060475 35061192        0.747677861
35060475 35061178        0.747726542
35060475 35061303        0.747761946
35060475 35061280        0.748911344
35060475 35060447        0.748040582
35060475 35061287        0.748771763
35060475 35060474        0.749649452
35060475 35061302        0.748079777
35060475 35060475                  1
35060475 35060476        0.749599328
35060475 35060446        0.748627666
35060475 35060479        0.748905469
35060476 35061269        0.747106645
35060476 35060488        0.747634361
35060476 35060482        0.747168454
35060476 35060486        0.748507256
35060476 35060479        0.748907098
35060476 35060485        0.747789155
35060476 35061302        0.749432998
35060476 35060475        0.749599328
35060476 35061303        0.749191427
35060476 35060474        0.748942395
35060476 35061287         0.74946146
35060476 35060476                  1
35060476 35061280        0.748595765
35060479 35061302        0.747924165
35060479 35060482        0.748387665
35060479 35060485        0.747976543
35060479 35061192         0.74875456
35060479 35061193        0.748433382
35060479 35061643        0.748220346
35060479 35060476        0.748907098
35060479 35060481        0.748776285
35060479 35061287        0.749614996
35060479 35060475        0.748905469
35060479 35060480        0.749194462
35060479 35060479                  1
35060479 35061303        0.748353532
35060480 35061192        0.747841647
35060480 35060594        0.748416537
35060480 35060485         0.74805021
35060480 35060483        0.748486785
35060480 35061193        0.748940372
35060480 35061198        0.748372542
35060480 35061194        0.748910718
35060480 35060480                  1
35060480 35060482        0.749065228
35060480 35060479        0.749194462
35060480 35061643         0.74972838
35060480 35060481         0.74973249
35060480 35061287        0.748644339
35060481 35061303        0.748068704
35060481 35060592        0.748082257
35060481 35060593        0.748079588
35060481 35061643        0.749175253
35060481 35060479        0.748776285
35060481 35061287        0.748837063
35060481 35060484         0.74904931
35060481 35060594        0.749244851
35060481 35060481                  1
35060481 35060483        0.749488827
35060481 35060482        0.749769928
35060481 35060480         0.74973249
35060481 35060485         0.74907742
35060482 35060493        0.748230737
35060482 35061210        0.748341798
35060482 35060479        0.748387665
35060482 35061208        0.748730096
35060482 35060484        0.749711335
35060482 35061303        0.748889545
35060482 35061287        0.749033988
35060482 35060480        0.749065228
35060482 35060481        0.749769928
35060482 35060483        0.749896801
35060482 35060482                  1
35060482 35060594        0.749164948
35060482 35060485        0.749748959
35060483 35060480        0.748486785
35060483 35061209        0.748565757
35060483 35061303         0.74856613
35060483 35060594        0.749390348
35060483 35061210        0.748978492
35060483 35060493        0.748587032
35060483 35060483                  1
35060483 35060482        0.749896801
35060483 35060485        0.749712478
35060483 35061208        0.749350898
35060483 35060481        0.749488827
35060483 35060484        0.749928918
35060483 35060592         0.74859749
35060484 35060494        0.748237901
35060484 35061209        0.748890896
35060484 35060592        0.748365616
35060484 35060481         0.74904931
35060484 35060594        0.749086407
35060484 35061303        0.748654148
35060484 35061208        0.749570364
35060484 35060482        0.749711335
35060484 35060485        0.749758542
35060484 35060484                  1
35060484 35060483        0.749928918
35060484 35061210        0.749431779
35060484 35060493        0.749101365
35060485 35060494        0.748529254
35060485 35061210        0.748894806
35060485 35061208        0.748722224
35060485 35060493        0.749227671
35060485 35060486         0.74897069
35060485 35061302        0.748946578
35060485 35060483        0.749712478
35060485 35061303        0.749544192
35060485 35060485                  1
35060485 35060482        0.749748959
35060485 35060481         0.74907742
35060485 35060484        0.749758542
35060485 35061287        0.749140433
35060486 35060495        0.747996619
35060486 35060476        0.748507256
35060486 35060484          0.7480183
35060486 35060485         0.74897069
35060486 35060488        0.748969349
35060486 35061287        0.748504634
35060486 35061303        0.749672217
35060486 35060492        0.749218126
35060486 35060486                  1
35060486 35060493        0.749267961
35060486 35061269        0.749657221
35060486 35061302        0.749777776
35060486 35060494        0.749297232
35060488 35060476        0.747634361
35060488 35060494        0.747692939
35060488 35061303        0.747893997
35060488 35060492        0.749083628
35060488 35060503        0.747961524
35060488 35060504         0.74791036
35060488 35060505        0.748159329
35060488 35060488                  1
35060488 35060491        0.749399995
35060488 35061269        0.749369387
35060488 35060486        0.748969349
35060488 35061302        0.748728821
35060488 35060467        0.749112532
35060491 35060467        0.748192639
35060491 35061269        0.749088899
35060491 35060506         0.74827433
35060491 35060504         0.74947149
35060491 35060501        0.749280494
35060491 35060500        0.748366816
35060491 35060502        0.748739303
35060491 35060491                  1
35060491 35060503        0.749492257
35060491 35060488        0.749399995
35060491 35060492        0.749293063
35060491 35060505        0.749619486
35060491 35060496        0.748378836
35060232 35060237        0.748201752
35060232 35060228        0.748565008
35060232 35060209        0.748246416
35060232 35060229        0.748642825
35060232 35060207        0.748725861
35060232 35060208        0.748274627
35060232 35060231        0.749420693
35060232 35060232                  1
35060232 35060233        0.749531453
35060232 35060230        0.749327465
35060232 35060234        0.749654034
35060232 35060236        0.749464788
35060232 35060227        0.748401628
35060233 35060207        0.747475701
35060233 35060178        0.748014649
35060233 35060179        0.747547974
35060233 35060230        0.748086766
35060233 35061342        0.749032783
35060233 35060180        0.747940592
35060233 35060232        0.749531453
35060233 35060186        0.748237988
35060233 35060233                  1
35060233 35060237        0.749169946
35060233 35060234        0.749911272
35060233 35060236        0.749694641
35060233 35060231         0.74831896
35060234 35060187        0.747988368
35060234 35060180        0.748088657
35060234 35060230        0.748080131
35060234 35060186        0.748869482
35060234 35060231        0.748276328
35060234 35060207        0.748270675
35060234 35060232        0.749654034
35060234 35060237        0.749393888
35060234 35060233        0.749911272
35060234 35061342         0.74835817
35060234 35060234                  1
35060234 35060236        0.749926913
35060234 35060208        0.748289935
35060236 35060185        0.748049475
35060236 35060183        0.748223299
35060236 35060178        0.748072825
35060236 35060180        0.748401668
35060236 35060186        0.749369842
35060236 35060207         0.74862932
35060236 35060232        0.749464788
35060236 35060208         0.74880416
35060236 35060233        0.749694641
35060236 35060237        0.749612774
35060236 35060234        0.749926913
35060236 35060236                  1
35060236 35060187        0.748661865
35060237 35060187        0.748510013
35060237 35060182        0.749146692
35060237 35060185        0.748716314
35060237 35060233        0.749169946
35060237 35060234        0.749393888
35060237 35060181        0.748841832
35060237 35060183        0.749264419
35060237 35060237                  1
35060237 35060178        0.749300695
35060237 35060180        0.749581559
35060237 35060186        0.749493359
35060237 35060236        0.749612774
35060237 35060179        0.749195051
35060243 35061801        0.746907732
35060243 35061347        0.747092245
35060243 35060254         0.74715704
35060243 35060249        0.747589796
35060243 35060252        0.748009961
35060243 35061802        0.747350175
35060243 35061803        0.748609506
35060243 35060221        0.748943702
35060243 35060253        0.747886155
35060243 35060255         0.74922466
35060243 35060243                  1
35060243 35061800         0.74903998
35060243 35060251        0.747445243
35060246 35060249        0.749266955
35060246 35061792        0.749356031
35060246 35061787        0.749342011
35060246 35061803        0.749583549
35060246 35061797        0.749576989
35060246 35061347        0.749512686
35060246 35061802        0.749965548
35060246 35061801        0.749821355
35060246 35061795        0.749856057
35060246 35061796        0.749817611
35060246 35061794        0.749734024
35060246 35060246                  1
35060246 35061793        0.749634236
35060502 35060498        0.747374012
35060502 35060508        0.748807977
35060502 35060510        0.747562354
35060502 35060506        0.749306674
35060502 35060501        0.749660019
35060502 35060513         0.74768766
35060502 35060500        0.749725944
35060502 35060505        0.749358128
35060502 35060502                  1
35060502 35060504         0.74979874
35060502 35060503        0.749780509
35060502 35060507        0.749482897
35060502 35060491        0.748739303
35060503 35060492        0.747867733
35060503 35060507        0.749227112
35060503 35060488        0.747961524
35060503 35060506        0.749470769
35060503 35060501        0.749626157
35060503 35060508        0.748415481
35060503 35060500        0.749281953
35060503 35060491        0.749492257
35060503 35060502        0.749780509
35060503 35060504        0.749999597
35060503 35060503                  1
35060503 35060505        0.749572912
35060503 35060513        0.748580271
35060036 35061309        0.748625583
35060036 35060011        0.749332803
35060036 35061314        0.748801312
35060036 35061297        0.749358699
35060036 35060031        0.749479756
35060036 35060033        0.749170913
35060036 35060039         0.74945173
35060036 35060034        0.749651042
35060036 35060036                  1
35060036 35060037        0.749804758
35060036 35060038        0.749905241
35060036 35060012        0.749689108
35060036 35060035         0.74955817
35060037 35060039        0.748618106
35060037 35060014         0.74920001
35060037 35061310        0.748722564
35060037 35060035        0.749468784
35060037 35060031        0.749726555
35060037 35060030        0.748882181
35060037 35060011        0.748962233
35060037 35060034        0.749818641
35060037 35060036        0.749804758
35060037 35060037                  1
35060037 35060038        0.749889421
35060037 35060033         0.74975116
35060037 35060012        0.749541729
35060384 35060388        0.749032794
35060384 35060397        0.749058655
35060384 35060380        0.749252654
35060384 35060392        0.749419732
35060384 35060381        0.749647225
35060384 35060387        0.749505586
35060384 35060384                  1
35060384 35060382        0.749918636
35060384 35060383        0.749804697
35060384 35060390        0.749848856
35060384 35060385        0.749808573
35060384 35060386        0.749709629
35060384 35060391         0.74964957
35060523 35061101        0.748408932
35060523 35060534        0.748431153
35060523 35061831        0.748725313
35060523 35060526        0.749665207
35060523 35061106        0.748860209
35060523 35060520        0.748774603
35060523 35060523                  1
35060523 35060524        0.749961143
35060523 35060522        0.749804842
35060523 35060527        0.749281809
35060523 35060535        0.749109605
35060523 35060525        0.749706127
35060523 35060521        0.749318581
35060524 35061101        0.748520673
35060524 35061106        0.748638871
35060524 35060530        0.748725198
35060524 35060534        0.748764214
35060524 35060535        0.749336596
35060524 35060521        0.748954434
35060524 35060523        0.749961143
35060524 35060526        0.749854461
35060524 35061831        0.748769743
35060524 35060522        0.749601574
35060524 35060524                  1
35060524 35060525        0.749722256
35060524 35060527        0.749536158
35060647 35060645        0.746900157
35060647 35060634        0.746915869
35060647 35061389        0.747264923
35060647 35061281        0.747405628
35060647 35060642        0.747375543
35060647 35060638        0.747282094
35060647 35060649        0.748984502
35060647 35061289        0.747951359
35060647 35060644         0.74761112
35060647 35060646        0.748739529
35060647 35060648        0.749006842
35060647 35060647                  1
35060647 35061390        0.748136381
35060648 35061203        0.748027073
35060648 35061387        0.748209689
35060648 35060638        0.748204001
35060648 35060647        0.749006842
35060648 35061388         0.74857997
35060648 35061202         0.74840046
35060648 35061289        0.749661207
35060648 35060634        0.749148417
35060648 35061390        0.749074465
35060648 35060649        0.749616791
35060648 35061389        0.749567783
35060648 35060648                  1
35060648 35061281        0.748909135
35060649 35060641        0.748218142
35060649 35060644         0.74848696
35060649 35061389        0.748921995
35060649 35061202        0.748917645
35060649 35061201        0.748539235
35060649 35060642        0.748998726
35060649 35061289         0.74968969
35060649 35060647        0.748984502
35060649 35060634        0.749347304
35060649 35060649                  1
35060649 35061281        0.749632031
35060649 35060648        0.749616791
35060649 35060638        0.749419827
35060653 35061389        0.734438451
35060653 35061387        0.739010635
35060653 35060604        0.735102602
35060653 35061390         0.74071109
35060653 35060657        0.747099878
35060653 35060608        0.735354904
35060653 35061388         0.73924658
35060653 35060656        0.749417572
35060653 35060655        0.749729841
35060653 35060654        0.749578988
35060653 35061658        0.749553538
35060653 35060653                  1
35060653 35060622         0.73967536
35060654 35060606        0.736060584
35060654 35061387        0.736424424
35060654 35060619        0.737523869
35060654 35061390        0.737205896
35060654 35061388        0.736488438
35060654 35060608        0.738526689
35060654 35060655        0.749966533
35060654 35061658        0.749403309
35060654 35060656        0.748633365
35060654 35060654                  1
35060654 35060657        0.745848059
35060654 35060653        0.749578988
35060654 35060622        0.742155326
35060760 35060775         0.74841707
35060760 35060764        0.749147279
35060760 35061272        0.748706631
35060760 35060761          0.7494171
35060760 35061585        0.749257349
35060760 35060762        0.748895876
35060760 35060773        0.749654949
35060760 35060774         0.74956394
35060760 35060758        0.749646527
35060760 35060760                  1
35060760 35060759        0.749764228
35060760 35061588        0.749424155
35060760 35061586        0.749127856
35060147 35060163          0.7477136
35060147 35060152         0.74774342
35060147 35060170        0.747714895
35060147 35060150        0.748462808
35060147 35060153        0.748691372
35060147 35060143        0.747772225
35060147 35060149        0.749372337
35060147 35060154        0.748594515
35060147 35060147                  1
35060147 35060155        0.749155136
35060147 35060146        0.749580912
35060147 35060148        0.749655004
35060147 35060164        0.748445882
35060148 35060151        0.747563246
35060148 35060154        0.747755614
35060148 35060163         0.74824273
35060148 35060150        0.748173951
35060148 35060155        0.747831387
35060148 35060165        0.748288788
35060148 35060149         0.74945583
35060148 35060164        0.749385788
35060148 35060147        0.749655004
35060148 35060153         0.74792252
35060148 35060146        0.748943537
35060148 35060148                  1
35060148 35060170        0.748646763
35060149 35060146        0.747931089
35060149 35060155        0.748465665
35060149 35061338        0.748180538
35060149 35060152        0.749105742
35060149 35060151        0.749314155
35060149 35060154        0.749219289
35060149 35060149                  1
35060149 35060150        0.749612638
35060149 35060147        0.749372337
35060149 35060148         0.74945583
35060149 35060153        0.749327418
35060149 35060164        0.749457451
35060149 35060163        0.749480283
35060150 35060164        0.748495264
35060150 35060155        0.748500152
35060150 35060156        0.748846304
35060150 35061336        0.749194973
35060150 35060159        0.749263899
35060150 35061338         0.74919243
35060150 35060149        0.749612638
35060150 35060150                  1
35060150 35060152        0.749894276
35060150 35060154        0.749763744
35060150 35060153        0.749809527
35060150 35060151        0.749882146
35060150 35060163        0.749509144
35060327 35061716        0.748987806
35060327 35060324        0.749366458
35060327 35061709        0.749052389
35060327 35061610        0.749507546
35060327 35061622        0.749565474
35060327 35060306        0.749239016
35060327 35060307         0.74954159
35060327 35060308        0.749882174
35060327 35061718        0.749606167
35060327 35060325        0.749847285
35060327 35060327                  1
35060327 35061717        0.749675915
35060327 35061519        0.749278174
35060329 35061778        0.749332389
35060329 35061716         0.74947258
35060329 35060325        0.749348501
35060329 35061608        0.749545077
35060329 35061718         0.74952839
35060329 35061222        0.749515515
35060329 35060329                  1
35060329 35060332        0.749731653
35060329 35060333        0.749576221
35060329 35060330        0.749944087
35060329 35061518        0.749615726
35060329 35060324        0.749838066
35060329 35060331        0.749764272
35060298 35061621        0.748988008
35060298 35060295          0.7493203
35060298 35061765        0.749074896
35060298 35060366        0.749393439
35060298 35060312        0.749431357
35060298 35061654        0.749180502
35060298 35060297         0.74977843
35060298 35060300        0.749835644
35060298 35060296         0.74978289
35060298 35060301        0.749741569
35060298 35060298                  1
35060298 35061611        0.749886565
35060298 35060310        0.749287118
35060300 35061651        0.749063511
35060300 35060366        0.749237535
35060300 35060295        0.749153653
35060300 35060296        0.749528843
35060300 35060297        0.749273868
35060300 35061611        0.749549256
35060300 35060300                  1
35060300 35060298        0.749835644
35060300 35061621        0.749597353
35060300 35060310        0.749789784
35060300 35060312        0.749681129
35060300 35060301        0.749819867
35060300 35061654        0.749554982
35060301 35060306        0.749090652
35060301 35061653        0.749204662
35060301 35060294        0.749204123
35060301 35060300        0.749819867
35060301 35060297        0.749444206
35060301 35061611        0.749286246
35060301 35061654        0.749825043
35060301 35060301                  1
35060301 35060296        0.749830253
35060301 35060295        0.749737756
35060301 35060310        0.749677281
35060301 35060298        0.749741569
35060301 35061651        0.749630751
35060305 35060282         0.74890773
35060305 35060285        0.748957131
35060305 35060289        0.748971416
35060305 35060308        0.748969068
35060305 35060306        0.749463256
35060305 35061623        0.749228849
35060305 35060307        0.749528154
35060305 35061519        0.749003528
35060305 35061654        0.749271458
35060305 35060305                  1
35060305 35061653         0.74983553
35060305 35061627        0.749733884
35060305 35061651        0.749439444
35060306 35060300        0.749058794
35060306 35060305        0.749463256
35060306 35060301        0.749090652
35060306 35061622        0.749706358
35060306 35060308         0.74964291
35060306 35060327        0.749239016
35060306 35061621        0.749280514
35060306 35061653        0.749819642
35060306 35060307        0.749756715
35060306 35060310        0.749734935
35060306 35060306                  1
35060306 35061654        0.749637351
35060306 35061651        0.749315035
35060307 35061654        0.748915941
35060307 35061622        0.749373528
35060307 35060325        0.748935704
35060307 35060327         0.74954159
35060307 35061519        0.749674875
35060307 35060310        0.748992528
35060307 35061610        0.749305131
35060307 35060306        0.749756715
35060307 35061653        0.749560817
35060307 35060308        0.749886898
35060307 35060307                  1
35060307 35060305        0.749528154
35060307 35061623        0.749229437
35060492 35061302        0.748265687
35060492 35060495        0.748763086
35060492 35060501        0.748452102
35060492 35060505        0.749063769
35060492 35060493        0.748864183
35060492 35060497        0.748711983
35060492 35060496          0.7494231
35060492 35060492                  1
35060492 35060486        0.749218126
35060492 35060488        0.749083628
35060492 35061269        0.749898748
35060492 35060494        0.749475456
35060492 35060491        0.749293063
35060525 35061103        0.748432115
35060525 35060522        0.749241938
35060525 35060530        0.748746691
35060525 35061102         0.74931916
35060525 35061106        0.749445168
35060525 35060521        0.748768401
35060525 35060523        0.749706127
35060525 35061101        0.749481103
35060525 35060527        0.749621063
35060525 35060526        0.749529698
35060525 35060524        0.749722256
35060525 35060525                  1
35060525 35060529        0.749064757
35060526 35061101        0.748509223
35060526 35060533        0.749051577
35060526 35061831        0.748641416
35060526 35060523        0.749665207
35060526 35060534        0.749192816
35060526 35060529        0.748772019
35060526 35060535        0.749558972
35060526 35060527        0.749805304
35060526 35060526                  1
35060526 35060530        0.749382404
35060526 35060525        0.749529698
35060526 35060524        0.749854461
35060526 35060522          0.7489883
35060527 35060522        0.748347908
35060527 35060535         0.74885808
35060527 35061102        0.748415743
35060527 35061101         0.74923577
35060527 35060529        0.749554692
35060527 35060534        0.748446652
35060527 35060533         0.74874424
35060527 35060523        0.749281809
35060527 35060530        0.749741321
35060527 35060527                  1
35060527 35060525        0.749621063
35060527 35060526        0.749805304
35060527 35060524        0.749536158
35060529 35060523        0.748003646
35060529 35060524        0.748342668
35060529 35060526        0.748772019
35060529 35061103        0.748593493
35060529 35060525        0.749064757
35060529 35060531        0.748996643
35060529 35060530        0.749508717
35060529 35061100          0.7493997
35060529 35061102        0.748717093
35060529 35061101        0.749640737
35060529 35060527        0.749554692
35060529 35060529                  1
35060529 35061098        0.749249705
35060569 35060560        0.744981796
35060569 35061838        0.745964821
35060569 35060559        0.745187099
35060569 35061839        0.747828235
35060569 35061249        0.747972575
35060569 35061834        0.745913036
35060569 35061874        0.748645075
35060569 35060568        0.749672428
35060569 35060569                  1
35060569 35061488        0.748545305
35060569 35060547        0.747992159
35060569 35060567        0.749557977
35060569 35061840        0.748077369
35060392 35060395        0.749141213
35060392 35060384        0.749419732
35060392 35060380        0.749339842
35060392 35060381        0.749442497
35060392 35060394         0.74956034
35060392 35060396        0.749401301
35060392 35060391        0.749856632
35060392 35060382        0.749646654
35060392 35060390        0.749557002
35060392 35060393        0.749840627
35060392 35060397        0.749870758
35060392 35060392                  1
35060392 35061693         0.74950842
35060531 35061550        0.747905004
35060531 35061071        0.748444457
35060531 35061098        0.747936907
35060531 35060530        0.748784174
35060531 35061069        0.748527483
35060531 35061082        0.748281787
35060531 35061085        0.749134605
35060531 35060531                  1
35060531 35061083        0.749068598
35060531 35061100        0.748581367
35060531 35060529        0.748996643
35060531 35061084        0.749212922
35060531 35061073        0.748412553
35060533 35061832        0.747727906
35060533 35060523        0.747733199
35060533 35061252        0.747875917
35060533 35060524        0.748256598
35060533 35061831        0.748131457
35060533 35060527         0.74874424
35060533 35060533                  1
35060533 35060534        0.749650355
35060533 35060538         0.74885732
35060533 35060526        0.749051577
35060533 35060539        0.748807131
35060533 35060535        0.749403222
35060533 35060530        0.749187823
35060534 35061252        0.748139253
35060534 35060523        0.748431153
35060534 35060530        0.748402264
35060534 35060524        0.748764214
35060534 35060539        0.749363338
35060534 35060527        0.748446652
35060534 35060535        0.749900753
35060534 35060534                  1
35060534 35061831        0.749382709
35060534 35060533        0.749650355
35060534 35060538        0.749599273
35060534 35060526        0.749192816
35060534 35061832        0.749021774
35060535 35060530        0.748538531
35060535 35061832        0.748784632
35060535 35060522        0.748544425
35060535 35060539         0.74885753
35060535 35060538        0.749271198
35060535 35060527         0.74885808
35060535 35061831        0.749583954
35060535 35060523        0.749109605
35060535 35060534        0.749900753
35060535 35060533        0.749403222
35060535 35060526        0.749558972
35060535 35060535                  1
35060535 35060524        0.749336596
35060538 35061834        0.747179072
35060538 35060524        0.747262094
35060538 35060526        0.747725208
35060538 35060533         0.74885732
35060538 35061833         0.74887594
35060538 35061835        0.748210235
35060538 35060534        0.749599273
35060538 35061832        0.749780212
35060538 35061831        0.749283025
35060538 35061252          0.7491589
35060538 35060539        0.749918014
35060538 35060538                  1
35060538 35060535        0.749271198
35060539 35060524        0.746455773
35060539 35061834        0.746829212
35060539 35060526          0.7471228
35060539 35061835        0.747434961
35060539 35060535         0.74885753
35060539 35061831        0.748716678
35060539 35061252        0.749598107
35060539 35061832        0.749572977
35060539 35060534        0.749363338
35060539 35061833        0.748935237
35060539 35060539                  1
35060539 35060538        0.749918014
35060539 35060533        0.748807131
35060579 35060461        0.742846368
35060579 35060577         0.74486011
35060579 35060507        0.744098351
35060579 35060462        0.745266179
35060579 35060512        0.745864171
35060579 35060463        0.744322533
35060579 35060580        0.749034655
35060579 35060510        0.746396434
35060579 35060509        0.747803109
35060579 35060511        0.747791266
35060579 35060578        0.748239327
35060579 35060579                  1
35060579 35060508        0.745779161
35060582 35060495        0.746044179
35060582 35061209        0.746408111
35060582 35061288        0.746834317
35060582 35061215        0.747606874
35060582 35061213        0.747985361
35060582 35060625        0.747080018
35060582 35060582                  1
35060582 35060588        0.747802888
35060582 35060585         0.74807967
35060582 35061214        0.749288478
35060582 35061294        0.748742472
35060582 35060624        0.749235944
35060582 35061323        0.749377259
35060585 35061209        0.747397959
35060585 35060623        0.747865146
35060585 35061294        0.747420834
35060585 35060602        0.748208483
35060585 35061268        0.747989673
35060585 35060590        0.747888669
35060585 35060582         0.74807967
35060585 35060624        0.749160844
35060585 35061288        0.749802427
35060585 35060625          0.7498034
35060585 35061323        0.749355339
35060585 35060585                  1
35060585 35060588        0.749204617
35060588 35060592        0.748052775
35060588 35060625        0.748314259
35060588 35061210        0.748111664
35060588 35060602        0.748354733
35060588 35061208        0.748751274
35060588 35061254        0.748283009
35060588 35060590        0.749356725
35060588 35061294        0.748982279
35060588 35060588                  1
35060588 35061323        0.749505618
35060588 35061288        0.749273256
35060588 35061209        0.749479806
35060588 35060585        0.749204617
35060590 35060585        0.747888669
35060590 35061288        0.748662611
35060590 35060595        0.748539397
35060590 35060602        0.749178231
35060590 35061208        0.749030935
35060590 35060594        0.748806711
35060590 35060592        0.749588479
35060590 35060588        0.749356725
35060590 35060590                  1
35060590 35061209        0.749384452
35060590 35060593        0.749049451
35060590 35061254         0.74973843
35060590 35060597        0.749080389
35060081 35060094         0.74841222
35060081 35060100        0.748603229
35060081 35060092        0.748584111
35060081 35060093         0.74895722
35060081 35060078        0.748917196
35060081 35060097        0.748855043
35060081 35060079        0.749624141
35060081 35060082        0.749899763
35060081 35060098        0.749352807
35060081 35060080        0.749534814
35060081 35060099        0.749416841
35060081 35060081                  1
35060081 35060083        0.749516395
35060166 35061361        0.746952464
35060166 35061567        0.747447516
35060166 35060170        0.747104209
35060166 35061307        0.748392482
35060166 35061366        0.748762796
35060166 35061363        0.747487548
35060166 35060165         0.74856502
35060166 35061308        0.749191883
35060166 35060167        0.749828668
35060166 35060166                  1
35060166 35060168        0.749213496
35060166 35061001        0.749634547
35060166 35060171        0.747555909
35060354 35061773        0.748824377
35060354 35060371        0.748990558
35060354 35061767        0.748985188
35060354 35061771        0.749046794
35060354 35060393         0.74910058
35060354 35060399        0.749115914
35060354 35060396        0.749536138
35060354 35060394        0.749548514
35060354 35061772        0.749510618
35060354 35061766        0.749336457
35060354 35060395        0.749571712
35060354 35060354                  1
35060354 35060353        0.749565321
35060360 35061765        0.749327641
35060360 35061764        0.749512763
35060360 35061763        0.749510507
35060360 35060364        0.749634877
35060360 35060368        0.749573067
35060360 35060347        0.749533564
35060360 35061770        0.749901015
35060360 35060360                  1
35060360 35060367        0.749642478
35060360 35060361        0.749964739
35060360 35061769         0.74988198
35060360 35060348        0.749665295
35060360 35061768        0.749933894
35060361 35060345        0.749372325
35060361 35060348        0.749635448
35060361 35061765        0.749416448
35060361 35060364        0.749662059
35060361 35061769        0.749732291
35060361 35060347        0.749638402
35060361 35061764        0.749484502
35060361 35060360        0.749964739
35060361 35060367        0.749826922
35060361 35060361                  1
35060361 35060368        0.749764876
35060361 35061770        0.749850555
35060361 35061768        0.749814444
35060364 35061613        0.749123699
35060364 35060367        0.749615547
35060364 35061770        0.749159929
35060364 35060360        0.749634877
35060364 35060361        0.749662059
35060364 35061611        0.749227748
35060364 35061764        0.749964553
35060364 35061768        0.749640513
35060364 35060364                  1
35060364 35061763         0.74969883
35060364 35060366        0.749678984
35060364 35061765        0.749944327
35060364 35061769         0.74923115
35060366 35060314        0.749118531
35060366 35060368        0.749199722
35060366 35060300        0.749237535
35060366 35060298        0.749393439
35060366 35060361        0.749298948
35060366 35061764        0.749490448
35060366 35061765        0.749827667
35060366 35060364        0.749678984
35060366 35060367        0.749714391
35060366 35060313        0.749549424
35060366 35060366                  1
35060366 35061611        0.749681509
35060366 35060312        0.749699502
35061072 35061076        0.748912073
35061072 35061085        0.749021162
35061072 35061069        0.748912791
35061072 35061075         0.74926446
35061072 35061071        0.749625979
35061072 35061083        0.749321677
35061072 35061086        0.749384187
35061072 35061084        0.749445991
35061072 35061073        0.749740809
35061072 35061074        0.749655595
35061072 35061072                  1
35061072 35061070        0.749533643
35061072 35061087        0.749450898
35060367 35060315        0.749418625
35060367 35060347        0.749471037
35060367 35061770        0.749418986
35060367 35060364        0.749615547
35060367 35060366        0.749714391
35060367 35060314        0.749421795
35060367 35061765        0.749542225
35060367 35060360        0.749642478
35060367 35060367                  1
35060367 35060361        0.749826922
35060367 35060368        0.749861701
35060367 35060313        0.749649125
35060367 35060345        0.749488933
35060368 35060314        0.749476984
35060368 35060348         0.74954234
35060368 35060313        0.749523786
35060368 35060360        0.749573067
35060368 35061770        0.749579724
35060368 35060346        0.749581387
35060368 35060347        0.749841164
35060368 35061604        0.749600681
35060368 35060367        0.749861701
35060368 35060361        0.749764876
35060368 35060368                  1
35060368 35060345        0.749876062
35060368 35060315        0.749654123
35060573 35061488        0.743217376
35060573 35060576        0.744261333
35060573 35060521        0.744076665
35060573 35060518        0.745069683
35060573 35060516        0.745173728
35060573 35060514        0.745083508
35060573 35060519        0.746764165
35060573 35061487        0.745176777
35060573 35060574        0.746884296
35060573 35060520        0.745344538
35060573 35060575        0.745381765
35060573 35060573                  1
35060573 35060544        0.745366122
35060574 35060578        0.735698804
35060574 35060568        0.735723956
35060574 35060514        0.736193842
35060574 35061875        0.738207684
35060574 35060577        0.739539354
35060574 35060519        0.737298148
35060574 35061487        0.746037795
35060574 35060576        0.749531634
35060574 35060575        0.749026961
35060574 35061488        0.740682217
35060574 35060573        0.746884296
35060574 35060574                  1
35060574 35061486        0.742805651
35060575 35060516        0.735605835
35060575 35060514        0.737119998
35060575 35061426        0.737083718
35060575 35060579        0.740017797
35060575 35060574        0.749026961
35060575 35060580        0.737729728
35060575 35060578        0.742035013
35060575 35060573        0.745381765
35060575 35060577        0.744933209
35060575 35060575                  1
35060575 35060576         0.74934544
35060575 35061486        0.745172567
35060575 35061487        0.741197022
35060600 35061389        0.745545454
35060600 35061203        0.746314416
35060600 35060595        0.745575301
35060600 35061388        0.746828814
35060600 35060604        0.747032328
35060600 35060597         0.74704309
35060600 35061268        0.748452746
35060600 35060598        0.748749905
35060600 35060603        0.749391689
35060600 35060600                  1
35060600 35061387        0.747439097
35060600 35060602        0.747158924
35060600 35060599        0.748955966
35060700 35060702         0.73933701
