0 1456 OttawaDA DAUID
35060467 35060469         129.933556
35060467 35060465         140.157223
35060467 35060513         136.073069
35060467 35060488         151.527262
35060467 35060468         168.097203
35060467 35060466         142.305808
35060468 35060471         155.421767
35060468 35061300         270.514398
35060468 35060467         168.097203
35060468 35061301         272.310115
35060468 35060469         501.759648
35060468 35060466         191.081374
35060469 35060452         148.387888
35060469 35061301         527.510105
35060469 35060450         154.816216
35060469 35061300          578.59108
35060469 35060468         501.759648
35060469 35060471         217.728457
35060471 35060448         175.623841
35060471 35060469         217.728457
35060471 35061280         196.341889
35060471 35061300         339.954679
35060471 35061301          239.67633
35060471 35060450         216.723165
35060500 35060498         126.632058
35060500 35060504         172.120636
35060500 35060503         168.457637
35060500 35060502         272.676273
35060500 35060501         320.424368
35060500 35060505         196.139474
35060501 35060491         168.286705
35060501 35060504         237.722454
35060501 35060503          233.46539
35060501 35060505         500.124654
35060501 35060500         320.424368
35060501 35060502          244.81589
35060474 35060471         131.300776
35060474 35060475         241.097968
35060474 35060446         136.208559
35060474 35061280         242.503548
35060474 35060476         138.805108
35060474 35060447         150.093844
35060475 35060446         121.853298
35060475 35061287         128.802999
35060475 35060479         136.443593
35060475 35060476         225.513645
35060475 35060474         241.097968
35060475 35061280          136.81126
35060476 35060479         136.545203
35060476 35061303         158.747712
35060476 35060474         138.805108
35060476 35061287         194.517355
35060476 35060475         225.513645
35060476 35061302         189.572323
35060479 35061192         127.910373
35060479 35060476         136.545203
35060479 35060481         129.040809
35060479 35060480         159.046498
35060479 35061287         230.056619
35060479 35060475         136.443593
35060480 35061194         136.771909
35060480 35060482         147.643478
35060480 35061193         138.672511
35060480 35060481         275.992193
35060480 35061643         273.896248
35060480 35060479         159.046498
35060481 35060485         148.615832
35060481 35060483         199.656414
35060481 35061643         157.183473
35060481 35060482         297.601499
35060481 35060480         275.992193
35060481 35060594         164.267223
35060482 35060480         147.643478
35060482 35060484          265.68692
35060482 35060594          156.21054
35060482 35060481         297.601499
35060482 35060483         444.353267
35060482 35060485          284.90131
35060483 35061208         177.178317
35060483 35060481         199.656414
35060483 35060594         182.821039
35060483 35060485         266.214249
35060483 35060482         444.353267
35060483 35060484         535.412456
35060484 35060493         150.582804
35060484 35060482          265.68692
35060484 35061210         189.368883
35060484 35060485         290.500212
35060484 35060483         535.412456
35060484 35061208         217.779416
35060485 35061287           153.9669
35060485 35060483         266.214249
35060485 35060493         162.429881
35060485 35060482          284.90131
35060485 35060484         290.500212
35060485 35061303         211.434752
35060486 35060492         161.435402
35060486 35061269          243.81467
35060486 35060493         166.839932
35060486 35061303         249.329677
35060486 35061302          302.81093
35060486 35060494         170.279076
35060488 35061302         126.608768
35060488 35060486         140.608404
35060488 35060467         151.527262
35060488 35061269         179.756996
35060488 35060492         149.118374
35060488 35060491         184.284893
35060491 35060501         168.286705
35060491 35060504         196.354352
35060491 35060492         169.776225
35060491 35060503         200.329587
35060491 35060505         231.409875
35060491 35060488         184.284893
35060232 35060207         126.461599
35060232 35060236         195.121033
35060232 35060230         174.064357
35060232 35060233         208.540518
35060232 35060234         242.689255
35060232 35060231         187.548118
35060233 35060231         110.097677
35060233 35060232         208.540518
35060233 35061342         145.146011
35060233 35060234         479.222398
35060233 35060236         258.322289
35060233 35060237         156.680153
35060234 35061342         111.404564
35060234 35060232         242.689255
35060234 35060186         134.254386
35060234 35060233         479.222398
35060234 35060236          528.01778
35060234 35060237         183.354159
35060236 35060208         130.536095
35060236 35060232         195.121033
35060236 35060186         179.821866
35060236 35060233         258.322289
35060236 35060234          528.01778
35060236 35060237         229.395582
35060237 35060183         166.437771
35060237 35060234         183.354159
35060237 35060178         170.700083
35060237 35060180         220.673418
35060237 35060236         229.395582
35060237 35060186          200.54731
35060243 35060253         98.1817147
35060243 35060252         101.189701
35060243 35060221         138.890967
35060243 35061803          121.05495
35060243 35061800         145.689049
35060243 35060255          162.11421
35060246 35061793         236.029547
35060246 35061796         334.246797
35060246 35061794         276.786993
35060246 35061802         769.055749
35060246 35061801         337.731821
35060246 35061795         376.246126
35060502 35060505         178.173392
35060502 35060500         272.676273
35060502 35060507         198.508288
35060502 35060504         318.191609
35060502 35060503          304.69053
35060502 35060501          244.81589
35060503 35060506         196.220491
35060503 35060501          233.46539
35060503 35060491         200.329587
35060503 35060502          304.69053
35060503 35060504         7114.67696
35060503 35060505         218.428078
35060036 35060031         197.908051
35060036 35060012         256.013132
35060036 35060035         214.753045
35060036 35060037          323.05822
35060036 35060038         463.720339
35060036 35060034         241.646523
35060037 35060012         210.865639
35060037 35060031         272.980896
35060037 35060033         286.158857
35060037 35060038         429.270627
35060037 35060036          323.05822
35060037 35060034         335.195276
35060384 35060391         241.138435
35060384 35060383         323.007351
35060384 35060386         264.905317
35060384 35060390         367.174189
35060384 35060382         500.437477
35060384 35060385         326.260863
35060523 35060527         168.440759
35060523 35060525         263.322048
35060523 35060521         172.925954
35060523 35060524          724.15941
35060523 35060522         323.127397
35060523 35060526         246.705688
35060524 35060535         175.258037
35060524 35060525         270.859895
35060524 35060527         209.595614
35060524 35060523          724.15941
35060524 35060526         374.177609
35060524 35060522         226.148238
35060647 35060644          92.357026
35060647 35061289         99.7319187
35060647 35061390         104.565544
35060647 35060649         141.653624
35060647 35060648         143.237891
35060647 35060646         127.145438
35060648 35060647         143.237891
35060648 35060634         154.686924
35060648 35061390         148.378375
35060648 35061389         217.128232
35060648 35060649         230.594654
35060648 35061289         245.244948
35060649 35060642         142.656182
35060649 35060634         176.689908
35060649 35060638         187.408077
35060649 35061289         256.253272
35060649 35060648         230.594654
35060649 35061281         235.321355
35060653 35061390         46.8365344
35060653 35060657         83.8221912
35060653 35061658         213.636228
35060653 35060656         187.044936
35060653 35060655         274.635802
35060653 35060654         219.998716
35060654 35060622         50.9658995
35060654 35060656           122.1071
35060654 35060657         70.0553871
35060654 35060653         219.998716
35060654 35060655         780.294469
35060654 35061658         184.795912
35060760 35060761         186.969287
35060760 35060774         216.169347
35060760 35061588         188.111022
35060760 35060773         243.010586
35060760 35060759         293.982246
35060760 35060758         240.098379
35060147 35060154         120.407656
35060147 35060153         124.784059
35060147 35060155         155.300811
35060147 35060149         180.178836
35060147 35060148         243.030229
35060147 35060146         220.502967
35060148 35060165          109.12272
35060148 35060164         182.141181
35060148 35060170         122.710065
35060148 35060149         193.508377
35060148 35060147         243.030229
35060148 35060146         138.880064
35060149 35060153         174.058242
35060149 35060147         180.178836
35060149 35060148         193.508377
35060149 35060150         229.355159
35060149 35060164         193.797226
35060149 35060163         198.008475
35060150 35060163         203.746535
35060150 35060153         327.077689
35060150 35060149         229.355159
35060150 35060151         415.810076
35060150 35060152         439.016234
35060150 35060154         293.681167
35060327 35060307         210.833787
35060327 35061718          227.46313
35060327 35061622         216.550595
35060327 35061717         250.748015
35060327 35060325         365.280295
35060327 35060308          415.85951
35060329 35060333         219.279215
35060329 35060332         275.561594
35060329 35061518         230.275001
35060329 35060324         354.729882
35060329 35060330         603.687354
35060329 35060331         294.009912
35060298 35060312         189.298482
35060298 35060301         280.798806
35060298 35060297         303.257588
35060298 35060296         306.356829
35060298 35060300         352.107153
35060298 35061611         423.831286
35060300 35061654           213.9825
35060300 35060312         252.789923
35060300 35061621         224.959763
35060300 35060298         352.107153
35060300 35060301          336.33387
35060300 35060310         311.339322
35060301 35060310         251.278152
35060301 35060298         280.798806
35060301 35060295         278.749854
35060301 35061654         341.272875
35060301 35060296         346.470084
35060301 35060300          336.33387
35060305 35061654         167.239898
35060305 35060307          207.81028
35060305 35061651         190.659176
35060305 35061627         276.714252
35060305 35061653         351.984491
35060305 35060306         194.842381
35060306 35061654         237.041195
35060306 35061622         263.425534
35060306 35060308         238.879263
35060306 35060307         289.407198
35060306 35061653          336.12402
35060306 35060310         277.262334
35060307 35060305          207.81028
35060307 35061519         250.346866
35060307 35060327         210.833787
35060307 35060308         424.455345
35060307 35060306         289.407198
35060307 35061653         215.399342
35060492 35060488         149.118374
35060492 35060486         161.435402
35060492 35060491         169.776225
35060492 35061269         448.606017
35060492 35060494         197.095201
35060492 35060496         187.938923
35060525 35061106         191.640161
35060525 35060523         263.322048
35060525 35061101          198.16489
35060525 35060524         270.859895
35060525 35060526         208.151215
35060525 35060527         231.890879
35060526 35060530         181.641493
35060526 35060523         246.705688
35060526 35060525         208.151215
35060526 35060524         374.177609
35060526 35060535         214.948206
35060526 35060527         323.510994
35060527 35060523         168.440759
35060527 35060524         209.595614
35060527 35060529         213.912865
35060527 35060530         280.664122
35060527 35060526         323.510994
35060527 35060525         231.890879
35060529 35060525         147.606267
35060529 35060530         203.657879
35060529 35061098         164.797681
35060529 35061101         238.155689
35060529 35060527         213.912865
35060529 35061100         184.239636
35060569 35060547          100.74013
35060569 35061874         122.633597
35060569 35061840         102.948291
35060569 35060568         249.410055
35060569 35060567         214.706314
35060569 35061488         118.353537
35060392 35060390          214.46996
35060392 35060382         240.141361
35060392 35060394         215.282406
35060392 35060397         397.068155
35060392 35060391         377.000292
35060392 35060393         357.568446
35060531 35061100         119.848353
35060531 35060530         129.458782
35060531 35060529         142.508058
35060531 35061084         160.900859
35060531 35061085         153.447505
35060531 35061083          147.91031
35060533 35060539         130.698564
35060533 35060526         146.577102
35060533 35060538         133.537985
35060533 35060535         184.782497
35060533 35060534         241.409037
35060533 35060530         158.395088
35060534 35060526         158.884226
35060534 35060538         225.498054
35060534 35060539         178.900956
35060534 35060535         453.115607
35060534 35060533         241.409037
35060534 35061831         181.686352
35060535 35060538         167.210078
35060535 35060524         175.258037
35060535 35060533         184.782497
35060535 35060534         453.115607
35060535 35061831         221.307619
35060535 35060526         214.948206
35060538 35061252         155.647937
35060538 35060534         225.498054
35060538 35060535         167.210078
35060538 35060539         498.537788
35060538 35061832         304.484576
35060538 35061831         168.583571
35060539 35060535         133.550273
35060539 35061832         218.444633
35060539 35061833         138.337731
35060539 35061252         225.170611
35060539 35060538         498.537788
35060539 35060534         178.900956
35060579 35060512         70.1917142
35060579 35060511         96.0495738
35060579 35060510         75.1970616
35060579 35060578         107.579074
35060579 35060580         145.286686
35060579 35060509         96.3081149
35060582 35061213         100.570025
35060582 35061294         127.294121
35060582 35060585          103.00997
35060582 35061214         169.228248
35060582 35060624         163.306908
35060582 35061323         180.889512
35060585 35060602         106.648986
35060585 35060624          155.82813
35060585 35060588         160.058591
35060585 35061288         321.146893
35060585 35060625         321.940521
35060585 35061323         177.787657
35060588 35061294         141.498787
35060588 35060585         160.058591
35060588 35061288         167.446586
35060588 35061323         203.018499
35060588 35060590         177.979007
35060588 35061209         197.917608
35060590 35060597         148.855547
35060590 35061209         181.943399
35060590 35060602         157.467997
35060590 35060592         222.521118
35060590 35061254          279.10852
35060590 35060588         177.979007
35060081 35060098         177.439405
35060081 35060099          186.92775
35060081 35060083         205.268305
35060081 35060079         232.838458
35060081 35060082         450.871203
35060081 35060080         209.292602
35060166 35060165         119.163762
35060166 35060168         160.959558
35060166 35061366         128.335384
35060166 35061001         236.130257
35060166 35060167         344.864525
35060166 35061308         158.792561
35060354 35061766         175.239776
35060354 35060396         209.591029
35060354 35061772         204.053089
35060354 35060395         218.121806
35060354 35060394         212.444322
35060354 35060353           216.5125
35060360 35060367         238.734924
35060360 35061769         415.517683
35060360 35060348         246.737968
35060360 35061770         453.715037
35060360 35060361         760.185316
35060360 35061768         555.197788
35060361 35061769         275.889976
35060361 35060367             343.12
35060361 35060368         294.387043
35060361 35061770         369.254749
35060361 35060360         760.185316
35060361 35061768         331.382245
35060364 35061768         238.081495
35060364 35060366         251.943845
35060364 35060361         245.553718
35060364 35061765          604.98372
35060364 35061764         758.192063
35060364 35061763         260.112662
35060366 35060313         212.658639
35060366 35060364         251.943845
35060366 35060312         260.403393
35060366 35061611         252.940708
35060366 35061765         343.861071
35060366 35060367          267.10447
35061072 35061084         191.782318
35061072 35061071         233.409763
35061072 35061087          192.63741
35061072 35061074         243.238594
35061072 35061073         280.386811
35061072 35061070         209.029691
35060367 35060364         230.221251
35060367 35060366          267.10447
35060367 35060360         238.734924
35060367 35060361             343.12
35060367 35060368          383.84646
35060367 35060313         240.985662
35060368 35061604         225.895415
35060368 35060367          383.84646
35060368 35060315         242.720268
35060368 35060345         405.476543
35060368 35060347         358.172356
35060368 35060361         294.387043
35060573 35061487         64.9977747
35060573 35060575         66.4246251
35060573 35060520         66.1585171
35060573 35060519         79.3549399
35060573 35060574         80.8702944
35060573 35060544         66.3124145
35060574 35061488         46.7639119
35060574 35061487         71.7131294
35060574 35061486         53.2195749
35060574 35060575         144.711122
35060574 35060573         80.8702944
35060574 35060576         208.580787
35060575 35060578         50.5795081
35060575 35060573         66.4246251
35060575 35060577         63.4162617
35060575 35060576         176.438176
35060575 35060574         144.711122
35060575 35061486         64.9694211
35060600 35060602          84.688742
35060600 35061387         89.2011796
35060600 35061268         114.758899
35060600 35060603          183.02239
35060600 35060598         127.672004
35060600 35060599          139.70433
35060700 35060684         55.2523451
35060700 35060697         59.9078653
35060700 35060682          59.603118
35060700 35060711         69.6344387
35060700 35061540         86.7411281
35060700 35061541          63.576201
35060701 35060762         74.0078484
35060701 35060766         77.7210189
35060701 35060753         78.7129479
35060701 35060702         125.076101
35060701 35060763         79.1437451
35060701 35060703         89.6937757
35060728 35060725         141.541901
35060728 35060726         192.638005
35060728 35060731         176.569545
35060728 35061577         302.524009
35060728 35061271          280.74404
35060728 35060729         229.345285
35060729 35060726         121.264771
35060729 35061578         160.646027
35060729 35061271         139.431306
35060729 35060731         228.326203
35060729 35060728         229.345285
35060729 35061577         260.471687
35060731 35061578         95.7295544
35060731 35060712         126.339843
35060731 35061577          135.41573
35060731 35060729         228.326203
35060731 35060728         176.569545
35060731 35061271         163.202514
35061124 35061118           14.45459
35061124 35020118         21.3572968
35061124 35060007         15.2426772
35061124 35060001         26.0011833
35061124 35060002         17.5188463
35061124 35061123         16.8889438
35060706 35060708         153.081616
35060706 35060753          179.53485
35060706 35060702         155.057693
35060706 35060703         303.851295
35060706 35060707         269.442184
35060706 35060704         227.410655
35060707 35060703         146.856864
35060707 35060704         203.515411
35060707 35060708         183.052075
35060707 35060706         269.442184
35060707 35060710         237.634094
35060707 35060709         283.284664
35060708 35060718         147.502926
35060708 35060709         162.729461
35060708 35060706         153.081616
35060708 35060751         188.495096
35060708 35060707         183.052075
35060708 35060717          176.86833
35060709 35060706         138.440319
35060709 35060708         162.729461
35060709 35060717         142.516549
35060709 35060713         230.942165
35060709 35060710         320.157618
35060709 35060707         283.284664
35020158 35020164         49.4698803
35020158 35020160         89.4784673
35020158 35020161         68.1822101
35020158 35020159         92.9840331
35020158 35020157         118.867536
35020158 35020156         76.5089525
35060713 35061271         133.325234
35060713 35060710         161.890969
35060713 35060717            165.986
35060713 35061290         208.951554
35060713 35060712         202.251833
35060713 35060709         230.942165
35060717 35060713            165.986
35060717 35060719         178.327685
35060717 35060708          176.86833
35060717 35061290         206.201079
35060717 35060718           325.1585
35060717 35060720         212.682189
35060718 35061290         146.584246
35060718 35060721         172.547073
35060718 35060708         147.502926
35060718 35060717           325.1585
35060718 35060719         394.896107
35060718 35060720         284.013022
35060719 35060750         170.358903
35060719 35060722         185.671198
35060719 35060717         178.327685
35060719 35060718         394.896107
35060719 35060721          296.13769
35060719 35060720         230.667014
35060720 35060723          180.69808
35060720 35061290         185.839061
35060720 35060725         202.339843
35060720 35060717         212.682189
35060720 35060718         284.013022
35060720 35060719         230.667014
35060722 35060718         130.949958
35060722 35060723          210.16268
35060722 35060720         141.342831
35060722 35060721         224.192496
35060722 35060719         185.671198
35060722 35061576         152.158312
35060723 35060719         140.285128
35060723 35060725         150.173319
35060723 35060720          180.69808
35060723 35061576         231.074031
35060723 35060724          238.32293
35060723 35060722          210.16268
35060724 35061574         131.234294
35060724 35061576         148.853966
35060724 35060720         162.783422
35060724 35060726         199.808342
35060724 35060725         270.481459
35060724 35060723          238.32293
35060725 35061271         149.801536
35060725 35061290         205.621211
35060725 35060723         150.173319
35060725 35060726         209.867629
35060725 35060724         270.481459
35060725 35060720         202.339843
35060903 35061320         153.811377
35060903 35060904         208.452465
35060903 35061054         202.681706
35060903 35061055         270.842828
35060903 35060902         340.563427
35060903 35061250         210.940821
35060734 35061573         109.157431
35060734 35060735         151.235436
35060734 35061544         128.041824
35060734 35061569         176.534427
35060734 35061571         152.150357
35060734 35061545         155.230364
35060735 35060736         96.9563957
35060735 35061544         113.526113
35060735 35060746         116.179199
35060735 35060747         122.414813
35060735 35060745         131.796711
35060735 35060734         151.235436
35060862 35060888         115.901986
35060862 35060889         202.787117
35060862 35061264         132.431619
35060862 35061318         203.798482
35060862 35061315         182.796928
35060862 35061316         137.092359
35060746 35061804         90.2704896
35060746 35060735         116.179199
35060746 35060747         91.0794214
35060746 35060745         169.518091
35060746 35060744         133.677073
35060746 35060743         93.8111656
35060747 35060745           71.91654
35060747 35060746         91.0794214
35060747 35061569         83.4051846
35060747 35061804           93.29112
35060747 35060735         122.414813
35060747 35060734         105.397992
35060736 35060741         99.7265565
35060736 35061544         159.828352
35060736 35060745         106.436179
35060736 35060738         175.408276
35060736 35060737         354.334874
35060736 35061578         120.758388
35060737 35061578         109.601783
35060737 35060741         133.284712
35060737 35061544         110.250935
35060737 35060738         262.930597
35060737 35060736         354.334874
35060737 35060740         111.148779
35060738 35060745         146.672136
35060738 35060736         175.408276
35060738 35060744         152.126366
35060738 35060737         262.930597
35060738 35060743         155.140598
35060738 35060741         213.982889
35060739 35060748         124.731796
35060739 35060741         151.910052
35060739 35060749         144.794686
35060739 35061574         308.908123
35060739 35060740         250.392116
35060739 35061575         157.354507
35060740 35061574         139.346453
35060740 35060742         183.370411
35060740 35060749         145.856308
35060740 35060739         250.392116
35060740 35060741          315.04197
35060740 35060748         196.230687
35060741 35060748          151.32391
35060741 35060739         151.910052
35060741 35060743         196.321205
35060741 35060742         158.366006
35060741 35060740          315.04197
35060741 35060738         213.982889
35060742 35060739         113.614243
35060742 35060741         158.366006
35060742 35060743         128.641933
35060742 35060740         183.370411
35060742 35060748         773.350794
35060742 35060749         152.798108
35060743 35060740         126.507368
35060743 35060745         147.447289
35060743 35060742         128.641933
35060743 35060738         155.140598
35060743 35060744         298.999944
35060743 35060741         196.321205
35060744 35060737         98.6323582
35060744 35060746         133.677073
35060744 35060741         133.889165
35060744 35060738         152.126366
35060744 35060743         298.999944
35060744 35060745         273.030432
35060904 35061319         190.183179
35060904 35060903         208.452465
35060904 35060902         194.257105
35060904 35060905         323.331805
35060904 35060907         272.581175
35060904 35060908         230.837772
35060905 35060908         155.362302
35060905 35060906         255.710115
35060905 35061320         165.140377
35060905 35060904         323.331805
35060905 35061319         247.849789
35060905 35060907         244.706918
35060906 35060908         145.222313
35060906 35060904         168.555013
35060906 35060936         145.344711
35060906 35060905         255.710115
35060906 35060907         267.249425
35060906 35060935         235.801941
35060907 35060936         146.656928
35060907 35060906         267.249425
35060907 35060910         184.998827
35060907 35060908         317.430553
35060907 35060904         272.581175
35060907 35060905         244.706918
35060908 35060905         155.362302
35060908 35060904         230.837772
35060908 35061055         196.847747
35060908 35060909         231.343653
35060908 35060907         317.430553
35060908 35060910         259.602261
35060909 35060903         128.885973
35060909 35060910          205.20939
35060909 35060907         134.027112
35060909 35060911         235.670973
35060909 35060908         231.343653
35060909 35061055         234.435255
35060748 35060743         113.889349
35060748 35060741          151.32391
35060748 35060739         124.731796
35060748 35060742         773.350794
35060748 35060740         196.230687
35060748 35060749          190.39537
35060749 35061574         128.224371
35060749 35060742         152.798108
35060749 35060739         144.794686
35060749 35061575         166.765988
35060749 35060748          190.39537
35060749 35060740         145.856308
35060750 35060708         121.655222
35060750 35060751         201.897259
35060750 35060752         129.352437
35060750 35060721         227.387753
35060750 35060719         170.358903
35060750 35060718         140.487625
35060751 35060718          115.22442
35060751 35060708         188.495096
35060751 35060754          131.27291
35060751 35060750         201.897259
35060751 35060752         281.722523
35060751 35060753         137.477241
35060944 35061247         132.073888
35060944 35061522         167.963184
35060944 35060941         133.972273
35060944 35060945         363.526606
35060944 35061521         175.288345
35060944 35060942         148.112347
35060945 35060942         126.972176
35060945 35061521         191.405171
35060945 35061579         151.132131
35060945 35060944         363.526606
35060945 35061522          248.04404
35060945 35061580         193.605776
35060953 35060940          150.30403
35060953 35060941         165.503539
35060953 35060955           173.0232
35060953 35061247         239.762814
35060953 35060954         261.683653
35060953 35060939         191.520086
35060954 35060942         146.287312
35060954 35060953         261.683653
35060954 35060940          238.78475
35060954 35061247         439.807692
35060954 35060941         430.668316
35060954 35060939         242.842105
35060955 35060940         99.3418447
35060955 35061247         100.551735
35060955 35060939         126.034835
35060955 35060953           173.0232
35060955 35060954         109.410757
35060955 35060956         167.530745
35061119 35020163         14.4827728
35061119 35061122         21.2216427
35061119 35061123         15.2690569
35061119 35061120          43.109084
35061119 35061121          37.334959
35061119 35061118         21.3118369
35060656 35061390         59.1114304
35060656 35060655         144.746912
35060656 35061658         99.7707142
35060656 35060657         151.879135
35060656 35060653         187.044936
35060656 35060654           122.1071
35060657 35060655          76.793049
35060657 35060653         83.8221912
35060657 35061390         80.7622336
35060657 35060656         151.879135
35060657 35061388         86.8977699
35060657 35061387         86.6748909
35060662 35061808         109.263017
35060662 35060663         145.614926
35060662 35061809         114.617592
35060662 35061812         194.746059
35060662 35061811         228.468327
35060662 35061810         126.649198
35060663 35061809         75.4139432
35060663 35061811         95.1335954
35060663 35061807         91.3777975
35060663 35061812         147.760959
35060663 35060662         145.614926
35060663 35061808         92.3225568
35060766 35060761         129.690241
35060766 35060764         217.367796
35060766 35060768         135.887641
35060766 35060767         244.930099
35060766 35060765         268.571111
35060766 35060762         188.125813
35060767 35060762          108.17389
35060767 35060764         128.577738
35060767 35061592         111.003054
35060767 35060766         244.930099
35060767 35060765          228.09744
35060767 35060768          299.19378
35060668 35061504          11.066718
35060668 35061503         17.0162901
35060668 35060671         12.7044355
35060668 35060670         22.5993135
35060668 35061502         17.8156699
35060668 35060669         15.9267299
35060669 35061507         13.1870476
35060669 35061504         15.8611401
35060669 35061503         13.4737292
35060669 35061505          19.456687
35060669 35060668         15.9267299
35060669 35061506         14.0426836
35060670 35060672         11.0559196
35060670 35060669         12.9006031
35060670 35061161         12.3019171
35060670 35060668         22.5993135
35060670 35060671         24.2379234
35060670 35060673         14.8947815
35060671 35060668         12.7044355
35060671 35060672         13.2273214
35060671 35061507          13.196926
35060671 35061161         22.5673566
35060671 35060670         24.2379234
35060671 35061160          16.040596
35060672 35060668         7.44917231
35060672 35060671         13.2273214
35060672 35061161         9.54858881
35060672 35061160         14.6192603
35060672 35060673         15.3256281
35060672 35060670         11.0559196
35060782 35060779         141.015061
35060782 35060777         153.140916
35060782 35060780         174.308889
35060782 35060783         157.958691
35060782 35060784          684.28111
35060782 35060781         257.259262
35060783 35060779         129.645055
35060783 35060782         157.958691
35060783 35060780          129.74615
35060783 35060777         4978.28313
35060783 35060778         235.440184
35060783 35060784         147.472534
35061711 35060334         323.560436
35061711 35060338         346.351245
35061711 35061713         407.837796
35061711 35060337         422.335424
35061711 35061712         585.295938
35061711 35060336         478.968507
35061132 35061131         18.3625561
35061132 35061127          21.469295
35061132 35070144         18.9582895
35061132 35061125           27.11411
35061132 35061130         19.6043909
35061132 35061126         20.0181814
35061133 35070155         8.89335646
35061133 35061134         12.2683797
35061133 35070157         9.92296176
35061133 35070158         14.1489476
35061133 35070156          12.825123
35061133 35061131          11.222854
35061134 35061147          10.387815
35061134 35061144          10.938317
35061134 35061145         10.7457739
35061134 35061143         12.5076497
35061134 35061133         12.2683797
35061134 35061141         16.0100284
35060712 35060728         115.612513
35060712 35061290         140.953943
35060712 35060709         118.434788
35060712 35061271          187.53828
35060712 35060713         202.251833
35060712 35060731         126.339843
35060682 35060684         98.3549564
35060682 35060679         111.791492
35060682 35061540         115.318628
35060682 35061541          126.59972
35060682 35060680         189.811475
35060682 35060681         154.169353
35060684 35060681         112.710662
35060684 35060687         145.183886
35060684 35060686         135.884999
35060684 35061541          343.61081
35060684 35060685         175.365556
35060684 35061540         149.592296
35060685 35061541         134.192157
35060685 35060688         152.803258
35060685 35060680         140.609157
35060685 35060687         208.980796
35060685 35060684         175.365556
35060685 35060681         162.377809
35060686 35061854         114.623635
35060686 35060684         135.884999
35060686 35060685         133.078007
35060686 35060687         314.811707
35060686 35060696         153.095658
35060686 35060695          143.80865
35060798 35060792         163.335986
35060798 35060800          178.15629
35060798 35061157         170.585638
35060798 35060794         205.704371
35060798 35060795         171.458916
35060798 35060797         534.698481
35060689 35060695         118.508634
35060689 35060688         163.636512
35060689 35061305         141.078051
35060689 35060690          255.49815
35060689 35061304         240.921871
35060689 35061306         151.044335
35060690 35061542         141.646488
35060690 35061305         160.891989
35060690 35061304          147.83876
35060690 35060689          255.49815
35060690 35061306         292.763982
35060690 35061543         179.355182
35060695 35060690         133.189524
35060695 35060686          143.80865
35060695 35060688         135.308061
35060695 35061854         173.160995
35060695 35061543         149.096915
35060695 35060687          144.00686
35060696 35061854         107.669137
35060696 35060697         130.579443
35060696 35061856         115.757937
35060696 35061855          185.89148
35060696 35060686         153.095658
35060696 35060698         148.402155
35060816 35061401         138.170543
35060816 35061399         144.530121
35060816 35061392         210.972748
35060816 35060815         307.680371
35060816 35061400         183.798025
35060816 35060817         239.903295
35060817 35061392         122.214219
35060817 35060818         222.495888
35060817 35060820         191.479359
35060817 35060815         420.776673
35060817 35060819         226.711349
35060817 35060816         239.903295
35060702 35060754         104.899304
35060702 35060701         125.076101
35060702 35060704         137.299445
35060702 35060753         167.048298
35060702 35060706         155.057693
35060702 35060703         315.667918
35060823 35061535         39.7451955
35060823 35061539         48.0236172
35060823 35060562         40.2046787
35060823 35061536         54.6252996
35060823 35060877         57.3498828
35060823 35061538         41.4871373
35060833 35060836         28.5306878
35060833 35060844         30.4448642
35060833 35060838         32.7047493
35060833 35060834         34.1724159
35060833 35060835         32.2587973
35060833 35061476         32.9925129
35060864 35061580         164.736216
35060864 35061318         189.590496
35060864 35061317         222.067577
35060864 35061579         192.709944
35060864 35061316         350.415576
35060864 35060865         270.906454
35060612 35060608         107.020081
35060612 35060605         167.863003
35060612 35060611         142.071762
35060612 35060607         175.726703
35060612 35060606         167.943921
35060612 35060610         175.863574
35060613 35060617          154.04063
35060613 35060616         169.829493
35060613 35060610         165.347887
35060613 35061267         313.175945
35060613 35060611           222.6227
35060613 35060609         205.887019
35060616 35060609         150.499269
35060616 35061267         182.334111
35060616 35060613         169.829493
35060616 35060617         389.978133
35060616 35060618         326.813857
35060616 35060619         192.113205
35060618 35061267         117.546713
35060618 35060620          198.83191
35060618 35060609         119.665543
35060618 35060617          217.26548
35060618 35060616         326.813857
35060618 35060619         316.944696
35060619 35060608         102.128251
35060619 35060617         134.774096
35060619 35060609         129.975895
35060619 35060616         192.113205
35060619 35060620          138.63204
35060619 35060618         316.944696
35060620 35061267          85.515103
35060620 35060616         138.660246
35060620 35061386          123.10031
35060620 35060617         143.416022
35060620 35060618          198.83191
35060620 35060619          138.63204
35060838 35060840         46.7065054
35060838 35060842         55.5448245
35060838 35060835         54.3012607
35060838 35060834         57.1284948
35060838 35060837         132.217147
35060838 35060836         94.4482127
35060840 35060838         46.7065054
35060840 35060835         49.0434908
35060840 35060836         76.1304769
35060840 35060842         136.966455
35060840 35060837         71.5761944
35060840 35060841         115.483196
35060841 35061432         43.1079218
35060841 35060842         66.6773731
35060841 35060837         44.6793387
35060841 35060840         115.483196
35060841 35061584         61.3241908
35060841 35060836         46.0421349
35060842 35060841         66.6773731
35060842 35060835         76.3914288
35060842 35060834         70.5225263
35060842 35060840         136.966455
35060842 35060836         128.634252
35060842 35060837         84.7145245
35060843 35060836         19.6507638
35060843 35060833         20.7067353
35060843 35061127          21.520366
35060843 35060838          24.723127
35060843 35060837          21.797299
35060843 35061128         28.0259323
35060844 35061469         23.3610478
35060844 35060833         30.4448642
35060844 35061126         30.3748245
35060844 35061471         41.6396606
35060844 35060845         73.3598045
35060844 35061470         31.7848529
35060845 35061466         25.4830205
35060845 35060833         25.5458388
35060845 35061469         30.1450467
35060845 35061470         37.1206831
35060845 35060844         73.3598045
35060845 35061471         93.4815762
