0 1456 OttawaDA DAUID
35060467 35060469      0.00769624132
35060467 35060465      0.00713484455
35060467 35060513      0.00734899276
35060467 35060488      0.00659947252
35060467 35060468      0.00594893895
35060467 35060466      0.00702712008
35060468 35060471      0.00643410521
35060468 35061300      0.00369666091
35060468 35060467      0.00594893895
35060468 35061301      0.00367228371
35060468 35060469      0.00199298609
35060468 35060466      0.00523337245
35060469 35060452      0.00673909449
35060469 35061301      0.00189569828
35060469 35060450      0.00645927169
35060469 35061300      0.00172833636
35060469 35060468      0.00199298609
35060469 35060471      0.00459287689
35060471 35060448      0.00569398776
35060471 35060469      0.00459287689
35060471 35061280      0.00509315667
35060471 35061300      0.00294156857
35060471 35061301      0.00417229352
35060471 35060450      0.00461418142
35060500 35060498      0.00789689445
35060500 35060504      0.00580987862
35060500 35060503      0.00593621055
35060500 35060502      0.00366735246
35060500 35060501      0.00312086127
35060500 35060505      0.00509841278
35060501 35060491      0.00594224008
35060501 35060504      0.00420658622
35060501 35060503      0.00428329012
35060501 35060505      0.00199950151
35060501 35060500      0.00312086127
35060501 35060502      0.00408470219
35060474 35060471      0.00761610121
35060474 35060475      0.00414769153
35060474 35060446      0.00734168255
35060474 35061280        0.004123651
35060474 35060476      0.00720434582
35060474 35060447      0.00666249844
35060475 35060446      0.00820658955
35060475 35061287      0.00776379436
35060475 35060479      0.00732903597
35060475 35060476      0.00443432148
35060475 35060474      0.00414769153
35060475 35061280      0.00730933989
35060476 35060479      0.00732358208
35060476 35061303      0.00629930341
35060476 35060474      0.00720434582
35060476 35061287      0.00514092946
35060476 35060475      0.00443432148
35060476 35061302      0.00527503163
35060479 35061192      0.00781797422
35060479 35060476      0.00732358208
35060479 35060481      0.00774948647
35060479 35060480      0.00628746947
35060479 35061287      0.00434675605
35060479 35060475      0.00732903597
35060480 35061194      0.00731144287
35060480 35060482      0.00677307263
35060480 35061193      0.00721123452
35060480 35060481      0.00362329089
35060480 35061643      0.00365101752
35060480 35060479      0.00628746947
35060481 35060485      0.00672875821
35060481 35060483      0.00500860443
35060481 35061643      0.00636199202
35060481 35060482      0.00336019813
35060481 35060480      0.00362329089
35060481 35060594      0.00608764174
35060482 35060480      0.00677307263
35060482 35060484      0.00376382849
35060482 35060594      0.00640161668
35060482 35060481      0.00336019813
35060482 35060483      0.00225046168
35060482 35060485      0.00350998737
35060483 35061208       0.0056440315
35060483 35060481      0.00500860443
35060483 35060594      0.00546982997
35060483 35060485      0.00375637293
35060483 35060482      0.00225046168
35060483 35060484      0.00186771897
35060484 35060493      0.00664086454
35060484 35060482      0.00376382849
35060484 35061210      0.00528069861
35060484 35060485      0.00344233828
35060484 35060483      0.00186771897
35060484 35061208       0.0045918022
35060485 35061287      0.00649490246
35060485 35060483      0.00375637293
35060485 35060493      0.00615650268
35060485 35060482      0.00350998737
35060485 35060484      0.00344233828
35060485 35061303      0.00472959148
35060486 35060492      0.00619442817
35060486 35061269      0.00410147593
35060486 35060493      0.00599376892
35060486 35061303        0.004010754
35060486 35061302       0.0033023907
35060486 35060494      0.00587271217
35060488 35061302      0.00789834713
35060488 35060486      0.00711195045
35060488 35060467      0.00659947252
35060488 35061269      0.00556306583
35060488 35060492      0.00670608172
35060488 35060491      0.00542638076
35060491 35060501      0.00594224008
35060491 35060504      0.00509283338
35060491 35060492      0.00589010622
35060491 35060503      0.00499177388
35060491 35060505      0.00432133677
35060491 35060488      0.00542638076
35060232 35060207      0.00790753878
35060232 35060236      0.00512502411
35060232 35060230      0.00574500156
35060232 35060233       0.0047952312
35060232 35060234      0.00412049558
35060232 35060231      0.00533196501
35060233 35060231      0.00908284376
35060233 35060232       0.0047952312
35060233 35061342      0.00688961407
35060233 35060234      0.00208671382
35060233 35060236      0.00387113324
35060233 35060237       0.0063824293
35060234 35061342      0.00897629296
35060234 35060232      0.00412049558
35060234 35060186       0.0074485462
35060234 35060233      0.00208671382
35060234 35060236      0.00189387562
35060234 35060237      0.00545392592
35060236 35060208       0.0076607164
35060236 35060232      0.00512502411
35060236 35060186      0.00556105895
35060236 35060233      0.00387113324
35060236 35060234      0.00189387562
35060236 35060237      0.00435928187
35060237 35060183      0.00600825156
35060237 35060234      0.00545392592
35060237 35060178      0.00585822797
35060237 35060180      0.00453158341
35060237 35060236      0.00435928187
35060237 35060186       0.0049863546
35060243 35060253       0.0101851959
35060243 35060252      0.00988242866
35060243 35060221       0.0071998923
35060243 35061803      0.00826071133
35060243 35061800       0.0068639339
35060243 35060255      0.00616849074
35060246 35061793       0.0042367577
35060246 35061796      0.00299180129
35060246 35061794      0.00361288654
35060246 35061802      0.00130029585
35060246 35061801      0.00296092917
35060246 35061795      0.00265783467
35060502 35060505      0.00561251031
35060502 35060500      0.00366735246
35060502 35060507      0.00503757305
35060502 35060504      0.00314276044
35060502 35060503      0.00328201864
35060502 35060501      0.00408470219
35060503 35060506      0.00509630771
35060503 35060501      0.00428329012
35060503 35060491      0.00499177388
35060503 35060502      0.00328201864
35060503 35060504     0.000140554519
35060503 35060505      0.00457816601
35060036 35060031      0.00505285154
35060036 35060012      0.00390604963
35060036 35060035      0.00465651138
35060036 35060037      0.00309541729
35060036 35060038      0.00215647216
35060036 35060034      0.00413827597
35060037 35060012      0.00474235635
35060037 35060031      0.00366326001
35060037 35060033      0.00349456247
35060037 35060038      0.00232953279
35060037 35060036      0.00309541729
35060037 35060034       0.0029833356
35060384 35060391      0.00414699547
35060384 35060383      0.00309590477
35060384 35060386      0.00377493366
35060384 35060390      0.00272350298
35060384 35060382      0.00199825162
35060384 35060385      0.00306503205
35060523 35060527      0.00593680537
35060523 35060525       0.0037976311
35060523 35060521      0.00578282193
35060523 35060524      0.00138091142
35060523 35060522       0.0030947546
35060523 35060526      0.00405341282
35060524 35060535      0.00570587241
35060524 35060525      0.00369194561
35060524 35060527      0.00477109221
35060524 35060523      0.00138091142
35060524 35060526      0.00267252763
35060524 35060522      0.00442187837
35060647 35060644       0.0108275466
35060647 35061289       0.0100268802
35060647 35061390      0.00956337974
35060647 35060649      0.00705947347
35060647 35060648      0.00698139294
35060647 35060646      0.00786500891
35060648 35060647      0.00698139294
35060648 35060634      0.00646467054
35060648 35061390      0.00673952658
35060648 35061389      0.00460557335
35060648 35060649      0.00433661398
35060648 35061289      0.00407755597
35060649 35060642      0.00700986096
35060649 35060634      0.00565963282
35060649 35060638      0.00533594933
35060649 35061289       0.0039023892
35060649 35060648      0.00433661398
35060649 35061281      0.00424950809
35060653 35061390       0.0213508539
35060653 35060657        0.011930015
35060653 35061658      0.00468085403
35060653 35060656      0.00534630888
35060653 35060655      0.00364118586
35060653 35060654      0.00454548108
35060654 35060622       0.0196209625
35060654 35060656      0.00818953196
35060654 35060657       0.0142744197
35060654 35060653      0.00454548108
35060654 35060655      0.00128156746
35060654 35061658      0.00541137512
35060760 35060761      0.00534847202
35060760 35060774      0.00462600279
35060760 35061588       0.0053160096
35060760 35060773      0.00411504707
35060760 35060759      0.00340156596
35060760 35060758      0.00416495941
35060147 35060154      0.00830511971
35060147 35060153      0.00801384411
35060147 35060155      0.00643911641
35060147 35060149       0.0055500414
35060147 35060148      0.00411471447
35060147 35060146      0.00453508636
35060148 35060165      0.00916399444
35060148 35060164       0.0054902466
35060148 35060170       0.0081492908
35060148 35060149      0.00516773495
35060148 35060147      0.00411471447
35060148 35060146      0.00720045751
35060149 35060153      0.00574520336
35060149 35060147       0.0055500414
35060149 35060148      0.00516773495
35060149 35060150      0.00436005016
35060149 35060164      0.00516003258
35060149 35060163      0.00505028887
35060150 35060163      0.00490805892
35060150 35060153       0.0030573776
35060150 35060149      0.00436005016
35060150 35060151      0.00240494413
35060150 35060152       0.0022778201
35060150 35060154      0.00340505321
35060327 35060307       0.0047430728
35060327 35061718      0.00439631689
35060327 35061622      0.00461785847
35060327 35061717      0.00398806746
35060327 35060325      0.00273762372
35060327 35060308      0.00240465825
35060329 35060333      0.00456039574
35060329 35060332      0.00362895273
35060329 35061518      0.00434263379
35060329 35060324      0.00281904641
35060329 35060330      0.00165648658
35060329 35060331      0.00340124587
35060298 35060312      0.00528266255
35060298 35060301      0.00356126871
35060298 35060297      0.00329752672
35060298 35060296      0.00326416748
35060298 35060300      0.00284004455
35060298 35061611      0.00235942941
35060300 35061654      0.00467327935
35060300 35060312      0.00395585389
35060300 35061621       0.0044452394
35060300 35060298      0.00284004455
35060300 35060301      0.00297323609
35060300 35060310      0.00321192965
35060301 35060310       0.0039796536
35060301 35060298      0.00356126871
35060301 35060295      0.00358744583
35060301 35061654      0.00293020651
35060301 35060296      0.00288625208
35060301 35060300      0.00297323609
35060305 35061654      0.00597943439
35060305 35060307      0.00481208148
35060305 35061651      0.00524496131
35060305 35061627      0.00361383628
35060305 35061653      0.00284103426
35060305 35060306      0.00513235361
35060306 35061654        0.004218676
35060306 35061622      0.00379613921
35060306 35060308       0.0041862152
35060306 35060307      0.00345533907
35060306 35061653      0.00297509235
35060306 35060310      0.00360669256
35060307 35060305      0.00481208148
35060307 35061519      0.00399445783
35060307 35060327       0.0047430728
35060307 35060308      0.00235596043
35060307 35060306      0.00345533907
35060307 35061653      0.00464253973
35060492 35060488      0.00670608172
35060492 35060486      0.00619442817
35060492 35060491      0.00589010622
35060492 35061269      0.00222912748
35060492 35060494      0.00507369025
35060492 35060496      0.00532087758
35060525 35061106      0.00521811293
35060525 35060523       0.0037976311
35060525 35061101      0.00504630259
35060525 35060524      0.00369194561
35060525 35060526      0.00480419967
35060525 35060527      0.00431237314
35060526 35060530      0.00550535004
35060526 35060523      0.00405341282
35060526 35060525      0.00480419967
35060526 35060524      0.00267252763
35060526 35060535      0.00465228355
35060526 35060527      0.00309108506
35060527 35060523      0.00593680537
35060527 35060524      0.00477109221
35060527 35060529      0.00467480066
35060527 35060530      0.00356297768
35060527 35060526      0.00309108506
35060527 35060525      0.00431237314
35060529 35060525      0.00677478009
35060529 35060530       0.0049101955
35060529 35061098      0.00606804655
35060529 35061101      0.00419893392
35060529 35060527      0.00467480066
35060529 35061100      0.00542771372
35060569 35060547      0.00992653079
35060569 35061874      0.00815437223
35060569 35061840      0.00971361439
35060569 35060568      0.00400946144
35060569 35060567      0.00465752489
35060569 35061488      0.00844926165
35060392 35060390      0.00466265764
35060392 35060382      0.00416421392
35060392 35060394      0.00464506143
35060392 35060397      0.00251845933
35060392 35060391      0.00265251784
35060392 35060393      0.00279666735
35060531 35061100       0.0083438777
35060531 35060530      0.00772446632
35060531 35060529      0.00701714703
35060531 35061084      0.00621500721
35060531 35061085      0.00651688665
35060531 35061083      0.00676085393
35060533 35060539      0.00765119346
35060533 35060526      0.00682234801
35060533 35060538      0.00748850598
35060533 35060535      0.00541176798
35060533 35060534        0.004142347
35060533 35060530      0.00631332707
35060534 35060526      0.00629389102
35060534 35060538      0.00443462807
35060534 35060539      0.00558968506
35060534 35060535       0.0022069423
35060534 35060533        0.004142347
35060534 35061831      0.00550399076
35060535 35060538      0.00598050076
35060535 35060524      0.00570587241
35060535 35060533      0.00541176798
35060535 35060534       0.0022069423
35060535 35061831      0.00451859725
35060535 35060526      0.00465228355
35060538 35061252      0.00642475591
35060538 35060534      0.00443462807
35060538 35060535      0.00598050076
35060538 35060539        0.002005866
35060538 35061832       0.0032842386
35060538 35061831      0.00593177611
35060539 35060535      0.00748781697
35060539 35061832      0.00457781905
35060539 35061833      0.00722868583
35060539 35061252      0.00444107691
35060539 35060538        0.002005866
35060539 35060534      0.00558968506
35060579 35060512       0.0142466958
35060579 35060511       0.0104112903
35060579 35060510        0.013298392
35060579 35060578      0.00929548807
35060579 35060580      0.00688294315
35060579 35060509        0.010383341
35060582 35061213      0.00994332062
35060582 35061294      0.00785582234
35060582 35060585      0.00970779815
35060582 35061214      0.00590917893
35060582 35060624      0.00612343966
35060582 35061323      0.00552823648
35060585 35060602      0.00937655424
35060585 35060624      0.00641732658
35060585 35060588      0.00624771215
35060585 35061288      0.00311383987
35060585 35060625      0.00310616382
35060585 35061323      0.00562468743
35060588 35061294      0.00706719837
35060588 35060585      0.00624771215
35060588 35061288      0.00597205367
35060588 35061323      0.00492565951
35060588 35060590      0.00561864018
35060588 35061209      0.00505260755
35060590 35060597      0.00671792231
35060590 35061209       0.0054962148
35060590 35060602      0.00635049674
35060590 35060592      0.00449395549
35060590 35061254      0.00358283581
35060590 35060588      0.00561864018
35060081 35060098      0.00563572675
35060081 35060099      0.00534966049
35060081 35060083      0.00487167271
35060081 35060079      0.00429482316
35060081 35060082       0.0022179283
35060081 35060080      0.00477799974
35060166 35060165      0.00839181293
35060166 35060168      0.00621274073
35060166 35061366      0.00779208325
35060166 35061001      0.00423495071
35060166 35060167      0.00289968938
35060166 35061308      0.00629752424
35060354 35061766        0.005706467
35060354 35060396      0.00477119659
35060354 35061772      0.00490068543
35060354 35060395      0.00458459436
35060354 35060394      0.00470711568
35060354 35060353      0.00461867098
35060360 35060367      0.00418874618
35060360 35061769      0.00240663645
35060360 35060348      0.00405288253
35060360 35061770      0.00220402658
35060360 35060361      0.00131546871
35060360 35061768      0.00180115991
35060361 35061769      0.00362463331
35060361 35060367      0.00291443227
35060361 35060368      0.00339688863
35060361 35061770      0.00270815745
35060361 35060360      0.00131546871
35060361 35061768      0.00301766318
35060364 35061768      0.00420024245
35060364 35060366      0.00396913845
35060364 35060361      0.00407242867
35060364 35061765      0.00165293704
35060364 35061764      0.00131892702
35060364 35061763      0.00384448796
35060366 35060313      0.00470237187
35060366 35060364      0.00396913845
35060366 35060312      0.00384019574
35060366 35061611      0.00395349569
35060366 35061765      0.00290815124
35060366 35060367      0.00374385348
35061072 35061084      0.00521424504
35061072 35061071      0.00428431094
35061072 35061087       0.0051910997
35061072 35061074      0.00411118968
35061072 35061073      0.00356650157
35061072 35061070      0.00478400937
35060367 35060364      0.00434364766
35060367 35060366      0.00374385348
35060367 35060360      0.00418874618
35060367 35060361      0.00291443227
35060367 35060368      0.00260520834
35060367 35060313      0.00414962447
35060368 35061604      0.00442682735
35060368 35060367      0.00260520834
35060368 35060315      0.00411996908
35060368 35060345      0.00246623391
35060368 35060347      0.00279195193
35060368 35060361      0.00339688863
35060573 35061487       0.0153851421
35060573 35060575       0.0150546578
35060573 35060520       0.0151152118
35060573 35060519       0.0126016099
35060573 35060574       0.0123654799
35060573 35060544       0.0150801325
35060574 35061488       0.0213840109
35060574 35061487       0.0139444479
35060574 35061486       0.0187900787
35060574 35060575      0.00691031888
35060574 35060573       0.0123654799
35060574 35060576      0.00479430544
35060575 35060578       0.0197708526
35060575 35060573       0.0150546578
35060575 35060577        0.015768826
35060575 35060576      0.00566770766
35060575 35060574      0.00691031888
35060575 35061486       0.0153918564
35060600 35060602       0.0118079449
35060600 35061387       0.0112106141
35060600 35061268      0.00871392117
35060600 35060603      0.00546381237
35060600 35060598      0.00783257071
35060600 35060599      0.00715797425
35060700 35060684       0.0180987793
35060700 35060697        0.016692299
35060700 35060682       0.0167776458
35060700 35060711       0.0143607103
35060700 35061540       0.0115285565
35060700 35061541       0.0157291563
35060701 35060762       0.0135120804
35060701 35060766       0.0128665323
35060701 35060753       0.0127043902
35060701 35060702      0.00799513249
35060701 35060763       0.0126352373
35060701 35060703       0.0111490457
35060728 35060725      0.00706504573
35060728 35060726      0.00519108366
35060728 35060731      0.00566349082
35060728 35061577      0.00330552277
35060728 35061271      0.00356196342
35060728 35060729      0.00436023788
35060729 35060726       0.0082464181
35060729 35061578      0.00622486604
35060729 35061271      0.00717199048
35060729 35060731      0.00437969882
35060729 35060728      0.00436023788
35060729 35061577      0.00383918886
35060731 35061578       0.0104460948
35060731 35060712      0.00791515942
35060731 35061577      0.00738466649
35060731 35060729      0.00437969882
35060731 35060728      0.00566349082
35060731 35061271      0.00612735658
35061124 35061118       0.0691821768
35061124 35020118       0.0468224049
35061124 35060007       0.0656052732
35061124 35060001        0.038459788
35061124 35060002       0.0570813846
35061124 35061123       0.0592103338
35060706 35060708      0.00653246304
35060706 35060753      0.00556994923
35060706 35060702      0.00644921243
35060706 35060703      0.00329108355
35060706 35060707      0.00371137134
35060706 35060704      0.00439733134
35060707 35060703      0.00680935144
35060707 35060704      0.00491363281
35060707 35060708      0.00546292633
35060707 35060706      0.00371137134
35060707 35060710      0.00420815037
35060707 35060709      0.00353001814
35060708 35060718      0.00677952653
35060708 35060709      0.00614516874
35060708 35060706      0.00653246304
35060708 35060751       0.0053051778
35060708 35060707      0.00546292633
35060708 35060717      0.00565392345
35060709 35060706      0.00722332919
35060709 35060708      0.00614516874
35060709 35060717        0.007016729
35060709 35060713      0.00433008845
35060709 35060710      0.00312346152
35060709 35060707      0.00353001814
35020158 35020164       0.0202143202
35020158 35020160       0.0111758732
35020158 35020161       0.0146665824
35020158 35020159       0.0107545346
35020158 35020157      0.00841272588
35020158 35020156       0.0130703658
35060713 35061271      0.00750045562
35060713 35060710      0.00617699683
35060713 35060717      0.00602460448
35060713 35061290      0.00478579833
35060713 35060712      0.00494433095
35060713 35060709      0.00433008845
35060717 35060713      0.00602460448
35060717 35060719      0.00560765425
35060717 35060708      0.00565392345
35060717 35061290      0.00484963515
35060717 35060718      0.00307542322
35060717 35060720      0.00470185117
35060718 35061290      0.00682201552
35060718 35060721      0.00579551992
35060718 35060708      0.00677952653
35060718 35060717      0.00307542322
35060718 35060719      0.00253231162
35060718 35060720      0.00352096531
35060719 35060750      0.00586996033
35060719 35060722      0.00538586497
35060719 35060717      0.00560765425
35060719 35060718      0.00253231162
35060719 35060721      0.00337680759
35060719 35060720       0.0043352536
35060720 35060723      0.00553409311
35060720 35061290      0.00538100006
35060720 35060725      0.00494218036
35060720 35060717      0.00470185117
35060720 35060718      0.00352096531
35060720 35060719       0.0043352536
35060722 35060718      0.00763650493
35060722 35060723      0.00475821873
35060722 35060720      0.00707499628
35060722 35060721      0.00446045258
35060722 35060719      0.00538586497
35060722 35061576      0.00657210234
35060723 35060719      0.00712833936
35060723 35060725       0.0066589725
35060723 35060720      0.00553409311
35060723 35061576      0.00432761741
35060723 35060724      0.00419598736
35060723 35060722      0.00475821873
35060724 35061574      0.00761995944
35060724 35061576      0.00671799365
35060724 35060720      0.00614313171
35060724 35060726      0.00500479605
35060724 35060725      0.00369711109
35060724 35060723      0.00419598736
35060725 35061271      0.00667549898
35060725 35061290      0.00486331149
35060725 35060723       0.0066589725
35060725 35060726      0.00476490826
35060725 35060724      0.00369711109
35060725 35060720      0.00494218036
35060903 35061320      0.00650146966
35060903 35060904      0.00479725678
35060903 35061054       0.0049338444
35060903 35061055      0.00369217826
35060903 35060902       0.0029363106
35060903 35061250       0.0047406661
35060734 35061573      0.00916108037
35060734 35060735      0.00661220696
35060734 35061544      0.00780994809
35060734 35061569      0.00566461748
35060734 35061571      0.00657244595
35060734 35061545      0.00644203863
35060735 35060736       0.0103139148
35060735 35061544       0.0088085461
35060735 35060746      0.00860739277
35060735 35060747      0.00816894601
35060735 35060745      0.00758744274
35060735 35060734      0.00661220696
35060862 35060888      0.00862797986
35060862 35060889      0.00493127973
35060862 35061264      0.00755106677
35060862 35061318      0.00490680789
35060862 35061315      0.00547055146
35060862 35061316      0.00729435258
35060746 35061804       0.0110778174
35060746 35060735      0.00860739277
35060746 35060747       0.0109794286
35060746 35060745      0.00589907538
35060746 35060744      0.00748071439
35060746 35060743       0.0106597119
35060747 35060745       0.0139050071
35060747 35060746       0.0109794286
35060747 35061569       0.0119896623
35060747 35061804       0.0107191338
35060747 35060735      0.00816894601
35060747 35060734      0.00948784682
35060736 35060741       0.0100274193
35060736 35061544      0.00625671221
35060736 35060745      0.00939530156
35060736 35060738      0.00570098529
35060736 35060737      0.00282218904
35060736 35061578      0.00828099824
35060737 35061578       0.0091239392
35060737 35060741      0.00750273592
35060737 35061544      0.00907021786
35060737 35060738      0.00380328501
35060737 35060736      0.00282218904
35060737 35060740       0.0089969499
35060738 35060745      0.00681792759
35060738 35060736      0.00570098529
35060738 35060744      0.00657348248
35060738 35060737      0.00380328501
35060738 35060743      0.00644576605
35060738 35060741      0.00467327086
35060739 35060748      0.00801720199
35060739 35060741      0.00658284283
35060739 35060749      0.00690633079
35060739 35061574      0.00323720849
35060739 35060740      0.00399373597
35060739 35061575      0.00635507694
35060740 35061574      0.00717635775
35060740 35060742      0.00545344255
35060740 35060749      0.00685606275
35060740 35060739      0.00399373597
35060740 35060741      0.00317418025
35060740 35060748       0.0050960429
35060741 35060748      0.00660834099
35060741 35060739      0.00658284283
35060741 35060743      0.00509369326
35060741 35060742      0.00631448648
35060741 35060740      0.00317418025
35060741 35060738      0.00467327086
35060742 35060739      0.00880171334
35060742 35060741      0.00631448648
35060742 35060743      0.00777351501
35060742 35060740      0.00545344255
35060742 35060748      0.00129307425
35060742 35060749      0.00654458367
35060743 35060740      0.00790467796
35060743 35060745      0.00678208469
35060743 35060742      0.00777351501
35060743 35060738      0.00644576605
35060743 35060744      0.00334448224
35060743 35060741      0.00509369326
35060744 35060737       0.0101386606
35060744 35060746      0.00748071439
35060744 35060741      0.00746886429
35060744 35060738      0.00657348248
35060744 35060743      0.00334448224
35060744 35060745      0.00366259539
35060904 35061319      0.00525808858
35060904 35060903      0.00479725678
35060904 35060902      0.00514781685
35060904 35060905      0.00309279813
35060904 35060907      0.00366863192
35060904 35060908      0.00433204666
35060905 35060908      0.00643656788
35060905 35060906       0.0039106783
35060905 35061320      0.00605545428
35060905 35060904      0.00309279813
35060905 35061319      0.00403470184
35060905 35060907      0.00408652117
35060906 35060908      0.00688599416
35060906 35060904      0.00593278112
35060906 35060936      0.00688019531
35060906 35060905       0.0039106783
35060906 35060907      0.00374182283
35060906 35060935      0.00424084719
35060907 35060936      0.00681863458
35060907 35060906      0.00374182283
35060907 35060910      0.00540543968
35060907 35060908      0.00315029537
35060907 35060904      0.00366863192
35060907 35060905      0.00408652117
35060908 35060905      0.00643656788
35060908 35060904      0.00433204666
35060908 35061055      0.00508006829
35060908 35060909      0.00432257375
35060908 35060907      0.00315029537
35060908 35060910      0.00385204658
35060909 35060903      0.00775879619
35060909 35060910      0.00487307135
35060909 35060907      0.00746117695
35060909 35060911      0.00424320393
35060909 35060908      0.00432257375
35060909 35061055      0.00426557003
35060748 35060743       0.0087804523
35060748 35060741      0.00660834099
35060748 35060739      0.00801720199
35060748 35060742      0.00129307425
35060748 35060740       0.0050960429
35060748 35060749      0.00525222856
35060749 35061574      0.00779882942
35060749 35060742      0.00654458367
35060749 35060739      0.00690633079
35060749 35061575      0.00599642656
35060749 35060748      0.00525222856
35060749 35060740      0.00685606275
35060750 35060708      0.00821995127
35060750 35060751      0.00495301424
35060750 35060752      0.00773081683
35060750 35060721      0.00439777422
35060750 35060719      0.00586996033
35060750 35060718      0.00711806465
35060751 35060718      0.00867871587
35060751 35060708       0.0053051778
35060751 35060754      0.00761771794
35060751 35060750      0.00495301424
35060751 35060752      0.00354959195
35060751 35060753      0.00727393125
35060944 35061247      0.00757151937
35060944 35061522      0.00595368567
35060944 35060941      0.00746423106
35060944 35060945       0.0027508303
35060944 35061521      0.00570488585
35060944 35060942      0.00675163159
35060945 35060942      0.00787574124
35060945 35061521      0.00522451925
35060945 35061579      0.00661672666
35060945 35060944       0.0027508303
35060945 35061522      0.00403154215
35060945 35061580      0.00516513515
35060953 35060940      0.00665318154
35060953 35060941      0.00604216688
35060953 35060955      0.00577957174
35060953 35061247      0.00417078855
35060953 35060954      0.00382140799
35060953 35060939      0.00522138446
35060954 35060942      0.00683586284
35060954 35060953      0.00382140799
35060954 35060940      0.00418787213
35060954 35061247      0.00227372103
35060954 35060941      0.00232197253
35060954 35060939      0.00411790204
35060955 35060940       0.0100662516
35060955 35061247       0.0099451292
35060955 35060939      0.00793431436
35060955 35060953      0.00577957174
35060955 35060954      0.00913986916
35060955 35060956      0.00596905364
35061119 35020163       0.0690475512
35061119 35061122       0.0471217056
35061119 35061123       0.0654919295
35061119 35061120        0.023196967
35061119 35061121        0.026784548
35061119 35061118        0.046922281
35060656 35061390       0.0169172019
35060656 35060655      0.00690861023
35060656 35061658       0.0100229813
35060656 35060657      0.00658418286
35060656 35060653      0.00534630888
35060656 35060654      0.00818953196
35060657 35060655       0.0130220119
35060657 35060653        0.011930015
35060657 35061390       0.0123820251
35060657 35060656      0.00658418286
35060657 35061388       0.0115077752
35060657 35061387       0.0115373667
35060662 35061808      0.00915222759
35060662 35060663      0.00686742785
35060662 35061809      0.00872466417
35060662 35061812      0.00513489211
35060662 35061811      0.00437697432
35060662 35061810      0.00789582577
35060663 35061809       0.0132601474
35060663 35061811       0.0105115338
35060663 35061807       0.0109435774
35060663 35061812      0.00676768753
35060663 35060662      0.00686742785
35060663 35061808       0.0108315891
35060766 35060761       0.0077106804
35060766 35060764       0.0046004975
35060766 35060768      0.00735902098
35060766 35060767      0.00408279752
35060766 35060765      0.00372340865
35060766 35060762      0.00531559166
35060767 35060762      0.00924437499
35060767 35060764      0.00777739609
35060767 35061592      0.00900876116
35060767 35060766      0.00408279752
35060767 35060765       0.0043840913
35060767 35060768      0.00334231547
35060668 35061504       0.0903610264
35060668 35061503       0.0587672163
35060668 35060671       0.0787126671
35060668 35060670       0.0442491317
35060668 35061502       0.0561303621
35060668 35060669       0.0627875282
35060669 35061507       0.0758319853
35060669 35061504       0.0630471704
35060669 35061503       0.0742185024
35060669 35061505       0.0513962114
35060669 35060668       0.0627875282
35060669 35061506       0.0712114598
35060670 35060672       0.0904492831
35060670 35060669       0.0775157557
35060670 35061161       0.0812881434
35060670 35060668       0.0442491317
35060670 35060671       0.0412576599
35060670 35060673       0.0671376078
35060671 35060668       0.0787126671
35060671 35060672       0.0756010962
35060671 35061507       0.0757752223
35060671 35061161       0.0443117915
35060671 35060670       0.0412576599
35060671 35061160       0.0623418232
35060672 35060668        0.134243102
35060672 35060671       0.0756010962
35060672 35061161        0.104727517
35060672 35061160       0.0684029135
35060672 35060673       0.0652501805
35060672 35060670       0.0904492831
35060782 35060779       0.0070914411
35060782 35060777      0.00652993352
35060782 35060780      0.00573694207
35060782 35060783      0.00633076909
35060782 35060784       0.0014613877
35060782 35060781      0.00388712923
35060783 35060779      0.00771336786
35060783 35060782      0.00633076909
35060783 35060780      0.00770735778
35060783 35060777     0.000200872464
35060783 35060778      0.00424736331
35060783 35060784      0.00678092369
35061711 35060334      0.00309061272
35061711 35060338       0.0028872424
35061711 35061713      0.00245195519
35061711 35060337      0.00236778623
35061711 35061712       0.0017085374
35061711 35060336      0.00208781994
35061132 35061131       0.0544586491
35061132 35061127        0.046578148
35061132 35070144       0.0527473746
35061132 35061125       0.0368811663
35061132 35061130       0.0510089809
35061132 35061126       0.0499545878
35061133 35070155        0.112443486
35061133 35061134       0.0815103564
35061133 35070157        0.100776363
35061133 35070158       0.0706766344
35061133 35070156        0.077971962
35061133 35061131       0.0891038949
35061134 35061147       0.0962666354
35061134 35061144       0.0914217429
35061134 35061145       0.0930598404
35061134 35061143       0.0799510717
35061134 35061133       0.0815103564
35061134 35061141       0.0624608512
35060712 35060728      0.00864958276
35060712 35061290      0.00709451595
35060712 35060709      0.00844346512
35060712 35061271      0.00533224469
35060712 35060713      0.00494433095
35060712 35060731      0.00791515942
35060682 35060684       0.0101672558
35060682 35060679      0.00894522459
35060682 35061540      0.00867162591
35060682 35061541       0.0078989116
35060682 35060680      0.00526838538
35060682 35060681      0.00648637345
35060684 35060681      0.00887227508
35060684 35060687      0.00688781675
35060684 35060686      0.00735916408
35060684 35061541      0.00291026932
35060684 35060685      0.00570237407
35060684 35061540      0.00668483625
35060685 35061541      0.00745200035
35060685 35060688      0.00654436307
35060685 35060680      0.00711191234
35060685 35060687      0.00478512869
35060685 35060684      0.00570237407
35060685 35060681        0.006158477
35060686 35061854      0.00872420426
35060686 35060684      0.00735916408
35060686 35060685      0.00751438967
35060686 35060687      0.00317650195
35060686 35060696       0.0065318639
35060686 35060695      0.00695368465
35060798 35060792      0.00612234956
35060798 35060800      0.00561304909
35060798 35061157      0.00586215821
35060798 35060794      0.00486134541
35060798 35060795      0.00583230096
35060798 35060797      0.00187021291
35060689 35060695      0.00843820375
35060689 35060688      0.00611110556
35060689 35061305      0.00708827485
35060689 35060690      0.00391392266
35060689 35061304      0.00415072319
35060689 35061306      0.00662057268
35060690 35061542      0.00705982913
35060690 35061305      0.00621534987
35060690 35061304      0.00676412598
35060690 35060689      0.00391392266
35060690 35061306      0.00341572072
35060690 35061543      0.00557552891
35060695 35060690      0.00750809803
35060695 35060686      0.00695368465
35060695 35060688      0.00739054266
35060695 35061854       0.0057749726
35060695 35061543      0.00670704687
35060695 35060687      0.00694411366
35060696 35061854       0.0092877126
35060696 35060697      0.00765817325
35060696 35061856      0.00863871649
35060696 35061855       0.0053794827
35060696 35060686       0.0065318639
35060696 35060698      0.00673844661
35060816 35061401      0.00723743263
35060816 35061399      0.00691897299
35060816 35061392      0.00473994868
35060816 35060815      0.00325012609
35060816 35061400      0.00544075487
35060816 35060817      0.00416834626
35060817 35061392      0.00818235398
35060817 35060818      0.00449446509
35060817 35060820      0.00522249502
35060817 35060815       0.0023765576
35060817 35060819      0.00441089519
35060817 35060816      0.00416834626
35060702 35060754      0.00953295169
35060702 35060701      0.00799513249
35060702 35060704      0.00728335065
35060702 35060753      0.00598629268
35060702 35060706      0.00644921243
35060702 35060703      0.00316788607
35060823 35061535       0.0251602738
35060823 35061539       0.0208230879
35060823 35060562        0.024872727
35060823 35061536       0.0183065357
35060823 35060877       0.0174368273
35060823 35061538       0.0241038564
35060833 35060836       0.0350499787
35060833 35060844       0.0328462624
35060833 35060838       0.0305765988
35060833 35060834       0.0292633685
35060833 35060835       0.0309992958
35060833 35061476        0.030309907
35060864 35061580      0.00607031062
35060864 35061318      0.00527452599
35060864 35061317      0.00450313374
35060864 35061579      0.00518914581
35060864 35061316      0.00285375443
35060864 35060865      0.00369131109
35060612 35060608      0.00934404076
35060612 35060605      0.00595723883
35060612 35060611       0.0070386964
35060612 35060607      0.00569065477
35060612 35060606      0.00595436854
35060612 35060610      0.00568622584
35060613 35060617      0.00649179374
35060613 35060616      0.00588825877
35060613 35060610      0.00604785474
35060613 35061267      0.00319309326
35060613 35060611      0.00449190492
35060613 35060609      0.00485703277
35060616 35060609      0.00664455053
35060616 35061267       0.0054844373
35060616 35060613      0.00588825877
35060616 35060617      0.00256424634
35060616 35060618      0.00305984578
35060616 35060619      0.00520526425
35060618 35061267      0.00850725615
35060618 35060620      0.00502937381
35060618 35060609      0.00835662442
35060618 35060617      0.00460266398
35060618 35060616      0.00305984578
35060618 35060619      0.00315512458
35060619 35060608      0.00979160994
35060619 35060617      0.00741982345
35060619 35060609      0.00769373428
35060619 35060616      0.00520526425
35060619 35060620      0.00721333973
35060619 35060618      0.00315512458
35060620 35061267       0.0116938408
35060620 35060616      0.00721187241
35060620 35061386      0.00812345636
35060620 35060617      0.00697272166
35060620 35060618      0.00502937381
35060620 35060619      0.00721333973
35060838 35060840       0.0214102937
35060838 35060842       0.0180034775
35060838 35060835       0.0184157787
35060838 35060834       0.0175043996
35060838 35060837      0.00756331553
35060838 35060836       0.0105878128
35060840 35060838       0.0214102937
35060840 35060835       0.0203900657
35060840 35060836        0.013135344
35060840 35060842      0.00730105778
35060840 35060837       0.0139711256
35060840 35060841      0.00865926847
35060841 35061432       0.0231975924
35060841 35060842       0.0149975914
35060841 35060837         0.02238171
35060841 35060840      0.00865926847
35060841 35061584       0.0163067786
35060841 35060836       0.0217192361
35060842 35060841       0.0149975914
35060842 35060835       0.0130904738
35060842 35060834       0.0141798664
35060842 35060840      0.00730105778
35060842 35060836      0.00777397921
35060842 35060837       0.0118043512
35060843 35060836       0.0508886072
35060843 35060833       0.0482934652
35060843 35061127       0.0464676111
35060843 35060838       0.0404479579
35060843 35060837       0.0458772437
35060843 35061128       0.0356812394
35060844 35061469       0.0428062991
35060844 35060833       0.0328462624
35060844 35061126       0.0329220009
35060844 35061471       0.0240155656
35060844 35060845       0.0136314431
35060844 35061470       0.0314615268
35060845 35061466       0.0392418159
35060845 35060833       0.0391453187
35060845 35061469       0.0331729458
35060845 35061470       0.0269391595
35060845 35060844       0.0136314431
35060845 35061471        0.010697295
